OTU	Test-Statistic	P	FDR_P	Bonferroni_P	8.5_mean	5.5_mean	5.6_mean	5.7_mean	3.16_mean	6.5_mean	5_mean	9_mean	8_mean	9.0_mean
D_0__Archaea;D_1__Euryarchaeota;D_2__Methanomicrobia	27.0	0.0013987676798	0.271360929881	0.271360929881	0.0	0.0	2.93733202133e-05	0.0	0.0	0.0	0.0	0.0	0.0	0.0
D_0__Bacteria;D_1__Saccharibacteria;Other	21.4310271647	0.0108681504968	0.866154580574	1.0	2.78497228953e-06	3.20322449243e-05	0.0	1.30091454292e-05	9.38844856709e-05	2.34598056634e-05	8.30972985574e-06	4.73363842024e-06	1.53407335926e-05	2.08639773e-05
D_0__Bacteria;D_1__Bacteroidetes;D_2__Bacteroidetes Incertae Sedis	20.7495256167	0.0138102093565	0.866154580574	1.0	9.90008051032e-06	0.0	0.0	2.60182908585e-05	0.0	0.0	0.0	0.0	0.0	0.0
D_0__Bacteria;D_1__Parcubacteria;D_2__Candidatus Nomurabacteria	16.6172839506	0.0550576538689	0.866154580574	1.0	7.1151082208e-06	0.0	1.46866601066e-05	0.0	0.0	0.0	0.0	0.0	0.0	0.0
D_0__Bacteria;D_1__Saccharibacteria;D_2__uncultured soil bacterium	16.6172839506	0.0550576538689	0.866154580574	1.0	0.0	0.0	0.0	0.0	1.9934813161e-05	0.0	0.0	0.0	0.0	4.17279546e-05
D_0__Bacteria;D_1__Planctomycetes;D_2__vadinHA49	15.3811576355	0.0809843425038	0.866154580574	1.0	0.000155160164992	0.000399055172544	0.000293733202133	0.000299210344872	0.000401988447447	0.000699750454017	0.000310867095238	0.000153100515857	0.000225844358498	0.0003755515914
D_0__Bacteria;D_1__Proteobacteria;D_2__JTB23	15.3698004202	0.0812662782925	0.866154580574	1.0	0.0010490340576	2.58833334627e-06	1.46866601066e-05	6.50457271462e-05	0.000122422591317	5.26985217711e-06	1.27875966724e-05	3.28751722709e-05	9.14168204752e-05	0.0
D_0__Bacteria;D_1__Saccharibacteria;D_2__uncultured bacterium	15.3534482759	0.0816737443274	0.866154580574	1.0	5.04144328699e-05	0.000124312273355	0.000117493280853	0.0	0.000312510701129	0.000174772719124	0.000144518876446	0.000120839497207	0.000136382895086	0.0003546876141
D_0__Bacteria;D_1__WS2;Other	15.2405417025	0.0845370959817	0.866154580574	1.0	0.0	1.50318063535e-05	8.81199606398e-05	1.30091454292e-05	6.64493772032e-06	7.6502491321e-06	2.17553122949e-05	1.18528443031e-05	4.34392626341e-05	0.0
Unassigned;Other;Other	14.993226601	0.0911221983483	0.866154580574	1.0	0.000192517122184	0.000369210431967	0.000190926581386	0.00050735667174	0.000205703862385	0.000364128858488	0.000294638080202	0.000364821519952	0.000148712145449	3.129596595e-05
D_0__Bacteria;D_1__Hydrogenedentes;D_2__uncultured organism	14.9857685009	0.0913276339719	0.866154580574	1.0	9.1610326316e-06	0.0	1.46866601066e-05	0.0	0.0	2.88945522211e-06	0.0	0.0	0.0	0.0
D_0__Bacteria;D_1__TM6 (Dependentiae);D_2__uncultured Candidatus Dependentiae bacterium	14.9105011933	0.0934238743052	0.866154580574	1.0	4.74340548053e-06	1.16138448525e-05	1.46866601066e-05	0.0	0.0	0.0	4.22461429272e-06	8.29941638504e-07	1.89797979031e-05	2.08639773e-05
D_0__Archaea;D_1__Euryarchaeota;D_2__Methanobacteria	14.8030674847	0.0964893633181	0.866154580574	1.0	2.37170274027e-06	0.0	2.93733202133e-05	2.60182908585e-05	0.0	0.0	0.0	2.31670980649e-06	0.0	0.0
D_0__Bacteria;D_1__Proteobacteria;D_2__SPOTSOCT00m83	14.6067653277	0.102319373899	0.866154580574	1.0	5.73378985299e-05	5.60755000533e-06	0.0	0.0	4.12892151717e-05	0.0	8.62158738198e-06	4.85248393932e-06	0.0	3.129596595e-05
D_0__Bacteria;D_1__Proteobacteria;D_2__Betaproteobacteria	14.3269704433	0.111160376885	0.866154580574	1.0	0.0835364344879	0.0585653741931	0.0482897384306	0.0692997177015	0.0766240906373	0.0489644805442	0.0413654502402	0.0586212754921	0.0584518068735	0.0823188224371
D_0__Bacteria;D_1__Actinobacteria;D_2__Coriobacteriia	14.1301675978	0.117769670193	0.866154580574	1.0	8.77530013898e-05	0.0	1.46866601066e-05	0.0	0.0	2.88945522211e-06	1.28364679595e-05	2.11952401698e-06	7.74881443139e-06	0.0
D_0__Bacteria;D_1__Chloroflexi;D_2__P2-11E	13.9847963676	0.122867079435	0.866154580574	1.0	0.000371636671015	1.5672616692e-05	0.000234986561706	1.30091454292e-05	0.000110103842257	0.000176091874168	4.23876281668e-05	0.000222617065704	5.16587628759e-06	2.08639773e-05
D_0__Bacteria;D_1__Firmicutes;D_2__Erysipelotrichia	13.8223106476	0.128787858038	0.866154580574	1.0	3.28984833698e-05	0.00012649481538	0.0	2.60182908585e-05	7.86107901171e-06	0.000159307326479	0.000356233710511	0.000109557992157	6.82125179054e-05	0.00013561585245
D_0__Bacteria;D_1__Fibrobacteres;D_2__Fibrobacteria	13.2900246305	0.14991606713	0.866154580574	1.0	0.000110537303689	0.00020109842296	2.93733202133e-05	0.000299210344872	0.000133631604537	0.000455286645676	0.000259865126077	0.000155179312412	7.29077083826e-05	5.215994325e-05
D_0__Bacteria;D_1__Planctomycetes;D_2__028H05-P-BN-P5	13.2553083456	0.151390026536	0.866154580574	1.0	0.0	5.28714483605e-06	0.0	0.0	0.0	0.0	0.0	1.53271738531e-06	6.37889772442e-06	0.0
D_0__Bacteria;D_1__TM6 (Dependentiae);Other	13.1494612697	0.155959105527	0.866154580574	1.0	4.74340548053e-06	3.73836667022e-06	0.0	1.30091454292e-05	3.32246886016e-06	1.63186147984e-05	3.20805034023e-05	1.8309040432e-05	0.000127734849759	0.0
D_0__Bacteria;D_1__Parcubacteria;D_2__Candidatus Magasanikbacteria	13.1106986558	0.157660910984	0.866154580574	1.0	5.15667502979e-06	2.58833334627e-06	0.0	0.0	2.42445104062e-05	1.63186147984e-05	1.04317707173e-05	5.08297081246e-06	2.5829381438e-06	0.0
D_0__Bacteria;D_1__Bacteroidetes;D_2__SB-5	13.064516129	0.159708641606	0.866154580574	1.0	3.32038383637e-05	7.04585002766e-06	0.0	0.0	0.0	0.0	0.0	0.0	0.0	0.0
D_0__Bacteria;D_1__FBP;D_2__uncultured soil bacterium	13.0	0.16260626219	0.866154580574	1.0	0.0	0.0	0.0	0.0	0.0	0.0	0.0	0.0	3.79595958062e-06	0.0
D_0__Bacteria;D_1__Gracilibacteria;Other	13.0	0.16260626219	0.866154580574	1.0	0.0	0.0	0.0	0.0	0.0	2.380396955e-06	0.0	0.0	0.0	0.0
D_0__Bacteria;D_1__Bacteroidetes;D_2__Bacteroidia	12.9022602435	0.167078987202	0.866154580574	1.0	0.000119999928101	1.58614345081e-05	1.46866601066e-05	0.0	0.0	2.15884669756e-05	3.96393127219e-05	1.67248621328e-05	7.74881443139e-06	0.0
D_0__Bacteria;D_1__Chloroflexi;Other	12.8228547984	0.170787086373	0.866154580574	1.0	1.86478435927e-05	2.58833334627e-06	0.0	1.30091454292e-05	1.97059002546e-05	2.380396955e-06	4.22461429272e-06	5.53897421957e-06	0.0	0.0
D_0__Bacteria;D_1__Peregrinibacteria;D_2__Candidatus Peribacteria	12.7563337216	0.173945405454	0.866154580574	1.0	2.85683474385e-05	4.45751668138e-06	0.0	1.30091454292e-05	2.41220029506e-05	1.53004982642e-05	3.1621972962e-05	3.07418591948e-06	4.49660746112e-05	3.129596595e-05
D_0__Bacteria;D_1__FCPU426;D_2__uncultured bacterium	12.7303102625	0.175193933309	0.866154580574	1.0	1.39044381121e-05	7.28981500693e-05	0.0	0.0	0.000171075686938	0.0	0.000190951594735	0.0	0.000124053644724	7.302392055e-05
D_0__Bacteria;D_1__Proteobacteria;Other	12.585591133	0.18227160133	0.866154580574	1.0	7.61978080189e-05	0.000129354319224	0.00017623992128	0.000247173763155	0.000181214337067	0.00011202917614	7.82725153668e-05	8.14381480906e-05	8.65647347279e-05	4.17279546e-05
D_0__Bacteria;D_1__Parcubacteria;D_2__uncultured bacterium	12.5440733644	0.184344534902	0.866154580574	1.0	8.50797068698e-05	2.46659897274e-05	1.46866601066e-05	3.90274362877e-05	0.00011734521525	3.50176265519e-05	3.18800923436e-05	5.18180072633e-05	8.70354205384e-05	0.00011475187515
D_0__Bacteria;D_1__Planctomycetes;D_2__Planctomycetacia	12.1502463054	0.204971079977	0.866154580574	1.0	0.0390197176073	0.0317866190291	0.0378622097549	0.0426830061533	0.0277759073931	0.033663867279	0.0402028213743	0.0333920218536	0.0358117094411	0.0334345236232
D_0__Bacteria;D_1__Gemmatimonadetes;D_2__Gemmatimonadetes	12.1016009852	0.207641956223	0.866154580574	1.0	0.0349635215575	0.0219784016458	0.0284333739664	0.0157931025511	0.039535344365	0.0277401128928	0.0157571439375	0.0345852589494	0.02600433092	0.0459216140373
D_0__Bacteria;D_1__Acidobacteria;D_2__Subgroup 5	11.9876847291	0.214004472151	0.866154580574	1.0	0.00415727085459	0.00882413134471	0.00992818223208	0.0100950968531	0.00517936455688	0.005411895487	0.00558502393808	0.00614015583167	0.00586146467312	0.0091592860347
D_0__Bacteria;D_1__Deferribacteres;D_2__Deferribacteres Incertae Sedis	11.9329251513	0.217117138195	0.866154580574	1.0	0.000163881706861	0.000122575626685	0.0	0.000104073163434	3.63991846583e-05	0.000189865197631	8.33729483525e-05	0.000348365022589	3.47912173062e-05	0.0
D_0__Bacteria;D_1__Verrucomicrobia;D_2__Verrucomicrobia Incertae Sedis	11.8527562863	0.221738081124	0.866154580574	1.0	3.97753044809e-05	0.00011430845014	0.0	1.30091454292e-05	3.32246886016e-06	1.1901984775e-05	1.85139929845e-05	0.000112649709279	2.18765265872e-05	1.043198865e-05
D_0__Bacteria;D_1__SR1 (Absconditabacteria);D_2__uncultured candidate division SR1 bacterium	11.839086564	0.222533621686	0.866154580574	1.0	0.0	1.86918333511e-06	0.0	1.30091454292e-05	0.0	4.76079390999e-06	0.0	8.25939298257e-06	0.0	3.129596595e-05
D_0__Bacteria;D_1__Omnitrophica;D_2__uncultured bacterium	11.7610837438	0.227115830951	0.866154580574	1.0	8.86874550436e-05	3.99077231067e-05	0.000146866601066	0.000130091454292	0.000146005828353	6.66367396145e-05	4.97372484448e-05	0.000131480186737	3.96433030535e-05	0.0001669118184
D_0__Bacteria;D_1__Chloroflexi;D_2__Ktedonobacteria	11.7204433498	0.229532081255	0.866154580574	1.0	0.000158297136824	0.000177169658984	0.000117493280853	0.000117082308863	0.00186230393297	0.000139575823066	0.000535560346976	0.000148571627283	0.00053410156088	0.0007719671601
D_0__Bacteria;D_1__SBR1093;D_2__uncultured bacterium	11.6986196319	0.230837787537	0.866154580574	1.0	0.0	0.0	4.40599803199e-05	0.0	0.0	1.15578208884e-05	0.0	4.02566310616e-05	0.0	0.0
D_0__Bacteria;D_1__TM6 (Dependentiae);D_2__uncultured bacterium	11.6681034483	0.232673179662	0.866154580574	1.0	0.000507631265411	0.00102044845965	0.000528719763839	0.00033823778116	0.000519007707684	0.000441828735849	0.000527911975991	0.000583585268642	0.000542206306576	0.0005633273871
D_0__Bacteria;D_1__BRC1;D_2__uncultured bacterium	11.4772167488	0.24440998545	0.866154580574	1.0	0.000426701647667	0.000247485542646	0.000587466404265	0.0008455944529	0.000245638326805	0.00015963711524	0.000264332985013	0.000157360564503	0.000149925166886	0.0001043198865
D_0__Bacteria;D_1__FBP;D_2__uncultured bacterium	11.4494080208	0.24615685646	0.866154580574	1.0	0.000175776002867	4.14103000708e-05	0.000161553261173	0.000117082308863	0.000142479911934	3.45085682848e-05	3.38234969036e-05	3.91370667303e-05	5.9093786767e-05	1.043198865e-05
D_0__Bacteria;D_1__Planctomycetes;D_2__Pla3 lineage	11.4460273973	0.246369863254	0.866154580574	1.0	0.000537139130869	0.000686766543551	0.00013217994096	9.10640180047e-05	7.79982528391e-05	0.000679495517211	0.000275874745819	0.000728593755434	0.000357501590011	1.043198865e-05
D_0__Bacteria;D_1__Chloroflexi;D_2__JG30-KF-CM66	11.4365763547	0.246966098197	0.866154580574	1.0	0.00109605018026	0.000511841835136	0.000616839724478	0.000481338380882	0.000603551231454	0.000641724579567	0.00112280326113	0.00103233949845	0.000723211012636	0.0003755515914
D_0__Bacteria;D_1__Proteobacteria;D_2__Deltaproteobacteria	11.3540640394	0.252218057189	0.866154580574	1.0	0.0509712040234	0.0680679198931	0.0635932382617	0.0580858343415	0.0562782549821	0.0789660999204	0.0562704340127	0.0721638191698	0.0689460219616	0.0506473048957
D_0__Bacteria;D_1__Acidobacteria;D_2__Subgroup 22	11.3201970443	0.254397934363	0.866154580574	1.0	0.00588179234082	0.00620685395014	0.00276109210005	0.00179526206923	0.00147192049701	0.0079185879465	0.00427306539427	0.00964143227289	0.00363482868725	0.0009180150012
D_0__Bacteria;D_1__Verrucomicrobia;D_2__Verrucomicrobiae	11.2869458128	0.256551927031	0.866154580574	1.0	0.00429769474211	0.0055297202565	0.00439131137188	0.00827381649299	0.0038497411261	0.00694862566116	0.00403149051759	0.00353667025822	0.00316558650546	0.0016065262521
D_0__Bacteria;D_1__Latescibacteria;Ambiguous_taxa	11.2543103448	0.258679298823	0.866154580574	1.0	0.00133474173749	0.00147711154777	0.00121899278885	0.000403283508306	0.000526776288647	0.00139922778065	0.000531339267417	0.0017443828559	0.000246550004373	0.00270188506035
D_0__Bacteria;D_1__Chloroflexi;D_2__Caldilineae	11.1619458128	0.264771564715	0.866154580574	1.0	0.000815252385774	0.000441338268502	0.000807766305864	0.00109276821606	0.000384011989052	0.000571689326463	0.000656033258474	0.000535825195741	0.000559514064859	0.0001460478411
D_0__Bacteria;D_1__Cyanobacteria;D_2__Cyanobacteria	10.9860213316	0.276668321764	0.866154580574	1.0	7.67394154589e-05	0.0	8.81199606398e-05	0.0	0.0	0.000115578208884	6.63041188951e-05	4.23908378151e-05	0.000371786197437	0.0
D_0__Bacteria;D_1__Parcubacteria;D_2__Candidatus Azambacteria	10.9285714286	0.280636813928	0.866154580574	1.0	1.47309772106e-05	9.02551150626e-06	0.0	0.0	1.90446268836e-05	3.84161400411e-05	4.22461429272e-06	4.53828554536e-06	0.000145616380771	1.043198865e-05
D_0__Bacteria;D_1__Armatimonadetes;D_2__Fimbriimonadia	10.8848522167	0.283684422851	0.866154580574	1.0	0.000376426414931	0.000483023721853	0.000352479842559	0.000442310944594	0.000622473350882	0.000168649644793	0.000507824228151	0.000425599415565	0.000564396623703	0.00103276687635
D_0__Bacteria;D_1__Gemmatimonadetes;D_2__S0134 terrestrial group	10.8368226601	0.287060016314	0.866154580574	1.0	0.00108833150566	0.0006939791831	0.0017623992128	0.00113179565234	0.00130001860173	0.000408130264342	0.000575111552204	0.000813628842775	0.00102731632417	0.0001251838638
D_0__Bacteria;D_1__BJ-169;D_2__uncultured bacterium	10.8147570366	0.288620485358	0.866154580574	1.0	0.0	5.17666669255e-06	0.0	0.0	0.0	7.6502491321e-06	0.0	1.00062021794e-05	0.0	0.0
D_0__Bacteria;D_1__Nitrospirae;D_2__Nitrospira	10.8128078818	0.288758621013	0.866154580574	1.0	0.0131742833816	0.0147555267842	0.0129830075343	0.00859904512873	0.00974338344131	0.0199843119473	0.0137440481043	0.023319529889	0.0136270811741	0.0154706391679
D_0__Bacteria;D_1__Fusobacteria;D_2__Fusobacteriia	10.7880794702	0.2905152338	0.866154580574	1.0	2.37170274027e-06	0.0	0.0	0.0	0.0	1.73367313327e-05	1.06152738764e-05	1.35316532433e-06	3.79595958062e-06	0.0
D_0__Bacteria;D_1__Verrucomicrobia;D_2__S-BQ2-57 soil group	10.7266009852	0.294915554768	0.866154580574	1.0	0.00031619766422	0.000363373929884	0.000308419862239	0.000208146326868	0.000160405439634	0.000182422968256	0.000626210547658	0.000316600989393	0.000244395611316	0.0013144305699
D_0__Bacteria;D_1__Proteobacteria;D_2__Alphaproteobacteria	10.6299261084	0.301930608083	0.866154580574	1.0	0.105182745448	0.0972727969184	0.0952136174713	0.0755961440893	0.12371059749	0.0946461628463	0.0940163922131	0.0994609504407	0.138825855333	0.117161664528
D_0__Bacteria;D_1__Bacteroidetes;Other	10.5742830589	0.306021199447	0.866154580574	1.0	0.0	1.86918333511e-06	0.0	0.0	1.18448212429e-05	5.77891044422e-06	2.22606094064e-06	0.0	7.59191916124e-06	0.0
D_0__Bacteria;D_1__Elusimicrobia;D_2__Elusimicrobia	10.3651477833	0.321740990529	0.866154580574	1.0	0.00162808914785	0.00288190320052	0.00299607866175	0.00265386566756	0.0026216197786	0.00249791753907	0.00278671505994	0.00211905040567	0.00167985830293	0.00307743665175
D_0__Bacteria;D_1__Proteobacteria;D_2__Gammaproteobacteria	10.2931034483	0.327282158169	0.866154580574	1.0	0.0447803781586	0.0472399321368	0.0516970435753	0.0593217031573	0.0702103523258	0.0445878674995	0.0348964067606	0.0536238957642	0.0654850366653	0.0470691327888
D_0__Bacteria;D_1__Planctomycetes;D_2__Pla4 lineage	10.2370689655	0.331636370862	0.866154580574	1.0	0.00153598485368	0.0010721076819	0.000631526384585	0.00212049070497	0.00118980146051	0.0015950232471	0.000884467786491	0.0019826623618	0.000430952598025	0.000625919319
D_0__Bacteria;D_1__Cyanobacteria;D_2__Chloroplast	10.229679803	0.332213446827	0.866154580574	1.0	0.0012969157325	0.000784740798287	0.00214425237557	0.00322626806645	0.000786338104313	0.00201114031734	0.00135142118442	0.000857122864065	0.00120125360523	0.00288966085605
D_0__Bacteria;D_1__Verrucomicrobia;D_2__OPB35 soil group	10.2210591133	0.332887553352	0.866154580574	1.0	0.0322202625201	0.0418052383319	0.0411520216188	0.0435676280425	0.0311594168905	0.0330160872501	0.031461341413	0.0333915056051	0.0201906038634	0.0501778654065
D_0__Bacteria;D_1__Microgenomates;Other	10.2125237192	0.333555892826	0.866154580574	1.0	0.0	3.73836667022e-06	0.0	0.0	0.0	4.76079390999e-06	0.0	0.0	7.59191916124e-06	0.0
D_0__Bacteria;D_1__Verrucomicrobia;D_2__UA11	10.210591133	0.333707343096	0.866154580574	1.0	2.8547924103e-05	3.08822116004e-05	4.40599803199e-05	6.50457271462e-05	7.11914349132e-05	8.46617987203e-05	4.70515081804e-05	3.12339649979e-05	3.81164910764e-05	2.08639773e-05
D_0__Bacteria;D_1__Gemmatimonadetes;D_2__BD2-11 terrestrial group	10.2081280788	0.333900431066	0.866154580574	1.0	0.00142623186457	0.000687612348821	0.00101337954736	0.000871612743759	0.00116123804437	0.000631019980832	0.000542475049953	0.00163038567977	0.000606580724176	0.00026079971625
D_0__Bacteria;D_1__Bacteroidetes;D_2__Sphingobacteriia	10.1293103448	0.340118652856	0.866154580574	1.0	0.0736873266863	0.0716102468116	0.0581151140419	0.0834796862194	0.0596492155222	0.0537971709215	0.0479222326318	0.0438919790835	0.0562806943805	0.0521495112613
D_0__Bacteria;D_1__Chloroflexi;D_2__SAR202 clade	10.1290305245	0.340140864831	0.866154580574	1.0	7.51758631453e-05	7.47673334044e-06	0.000352479842559	7.80548725754e-05	2.5999417613e-05	1.15578208884e-05	1.07987770356e-05	0.000155290828495	3.79595958062e-06	1.043198865e-05
D_0__Bacteria;D_1__Bacteroidetes;D_2__Cytophagia	10.0646551724	0.345276422318	0.866154580574	1.0	0.027324491887	0.0217801683313	0.0259660150685	0.0538448529316	0.0243713174196	0.0190892691562	0.0161687080146	0.0177988505332	0.0141499264945	0.0137806570066
D_0__Bacteria;D_1__Omnitrophica;D_2__Omnitrophica Incertae Sedis	10.020320197	0.348842681512	0.866154580574	1.0	0.000136058205179	5.06598013337e-05	5.87466404265e-05	5.20365817169e-05	0.000138160851346	9.19678839658e-05	8.13961107047e-05	9.92689201336e-05	2.05066098802e-05	0.00019820778435
D_0__Bacteria;D_1__Tectomicrobia;D_2__uncultured bacterium	9.97413793103	0.352582956762	0.866154580574	1.0	0.00428825433961	0.00784051824285	0.0057571707618	0.00405885337392	0.000789788054766	0.00509180355262	0.00603039118749	0.00618681164863	0.00562741440373	8.34559092e-05
D_0__Bacteria;D_1__Acidobacteria;D_2__Subgroup 20	9.88817410348	0.359613855862	0.866154580574	1.0	0.000193150290171	0.000101662066359	0.000234986561706	1.30091454292e-05	4.426026367e-05	8.94225926303e-05	8.01023688436e-05	0.000174316788376	8.50800634752e-05	5.215994325e-05
D_0__Bacteria;D_1__Tenericutes;D_2__Mollicutes	9.88048916064	0.360246736236	0.866154580574	1.0	1.70151887311e-05	0.00043398623134	0.000425913143092	5.20365817169e-05	8.52235238277e-06	1.05397043542e-05	3.20058871798e-05	0.000328247495244	0.000110082827838	0.0
D_0__Bacteria;D_1__Chloroflexi;D_2__TK10	9.87684729064	0.360546904002	0.866154580574	1.0	0.0034999419262	0.0035178906404	0.00544875089956	0.00455320090023	0.00335030615764	0.00390217840189	0.00478611734443	0.00354541881392	0.00280651596275	0.0039224277324
D_0__Bacteria;D_1__BRC1;Other	9.86728395062	0.361335885184	0.866154580574	1.0	0.000109098326052	0.0	0.0	0.0	0.0	0.0	0.0	0.0	2.5829381438e-06	0.0
D_0__Bacteria;D_1__Acidobacteria;D_2__Subgroup 6	9.81219211823	0.365902323059	0.866154580574	1.0	0.0779849820877	0.0967224273247	0.084991702037	0.103773953089	0.086010496056	0.0959503760005	0.100754679104	0.107084651974	0.119617675431	0.107219979345
D_0__Bacteria;D_1__Bacteroidetes;D_2__Flavobacteriia	9.80480295567	0.366517551636	0.866154580574	1.0	0.00777517316336	0.00938194801833	0.00616839724478	0.00801363358441	0.00431042384711	0.0132013213502	0.00589165922659	0.00591215665246	0.00458680220059	0.00274361301495
D_0__Bacteria;D_1__Cyanobacteria;D_2__Melainabacteria	9.71674876847	0.373898940298	0.866154580574	1.0	0.000470840408322	0.000973788426143	0.000572779744158	0.000767539580325	0.000677029600828	0.00102393599766	0.000616605846793	0.000614478685856	0.000503504375143	0.00086585505795
D_0__Archaea;D_1__Woesearchaeota (DHVEG-6);D_2__uncultured euryarchaeote	9.68594224924	0.376503021866	0.866154580574	1.0	1.11398891581e-05	1.56404782211e-05	0.0	3.90274362877e-05	4.05054343451e-05	1.29201013092e-05	0.0	1.89466919488e-05	2.84123195818e-05	2.08639773e-05
D_0__Bacteria;D_1__Actinobacteria;D_2__Actinobacteria	9.62684729064	0.381529491737	0.866154580574	1.0	0.0754055600689	0.036325604869	0.044353713522	0.0393526649234	0.0414351012351	0.0468999331283	0.0452950492362	0.0310919317361	0.0358174678956	0.0289592004924
D_0__Bacteria;D_1__Acidobacteria;D_2__Subgroup 11	9.61391625616	0.382634810884	0.866154580574	1.0	0.00244403554422	0.00258445697174	0.00370103834687	0.00247173763155	0.000839502150134	0.00312340891547	0.00208159821812	0.00404812006331	0.00215881179405	0.00055289539845
D_0__Bacteria;D_1__Gemmatimonadetes;D_2__AKAU4049	9.59491630077	0.384262416342	0.866154580574	1.0	0.000937814619551	0.00133414353209	0.00104275286757	0.000130091454292	7.75658923744e-05	0.000601344082084	0.000744710335124	0.00118060769827	0.000550437474445	0.0
D_0__Bacteria;D_1__Gemmatimonadetes;D_2__Longimicrobia	9.39963054187	0.401231799776	0.866154580574	1.0	0.00035805060609	0.000216509949103	0.000161553261173	0.000247173763155	0.000134022397649	2.87296578405e-05	8.80071036927e-05	0.000111348791685	0.000105429778085	9.388789785e-05
D_0__Archaea;D_1__Euryarchaeota;D_2__Thermoplasmata	9.22198731501	0.41704044444	0.866154580574	1.0	0.000259450052343	2.58833334627e-06	1.46866601066e-05	0.0	0.0	8.66836566634e-06	4.44804678827e-05	2.50489030821e-05	0.0	0.0
D_0__Bacteria;D_1__Actinobacteria;D_2__Rubrobacteria	9.20504926108	0.418565842961	0.866154580574	1.0	0.00059341047464	0.000523121367393	0.00017623992128	0.000117082308863	6.63014043997e-05	0.000544859757561	0.000842413529974	0.000497686003125	0.000508681919058	1.043198865e-05
D_0__Bacteria;D_1__TM6 (Dependentiae);Ambiguous_taxa	9.18534482759	0.420344271839	0.866154580574	1.0	0.000302116209005	0.000322991020888	0.000337793182452	0.000117082308863	0.000291736632387	0.00022063108854	9.74539165762e-05	0.00031137264177	0.000340863553533	0.0001251838638
D_0__Bacteria;D_1__Armatimonadetes;D_2__Armatimonadia	9.14563760707	0.42394071701	0.866154580574	1.0	2.774180834e-05	4.1200373045e-05	0.0	6.50457271462e-05	7.08561165561e-05	3.43436739042e-05	5.86421366827e-05	1.66120510963e-05	2.43025694609e-05	6.25919319e-05
D_0__Bacteria;D_1__Proteobacteria;D_2__Epsilonproteobacteria	9.10667451244	0.427486085971	0.866154580574	1.0	3.14408109478e-05	7.76500003883e-06	0.0	0.0	0.0	2.29507473963e-05	1.94852469248e-05	6.54644448454e-06	7.74881443139e-06	0.0
D_0__Archaea;D_1__Thaumarchaeota;D_2__FHMa11 terrestrial group	8.95582822086	0.44136160959	0.866154580574	1.0	0.0	9.34591667555e-06	0.0	0.0	1.57221580234e-05	2.88945522211e-06	1.7359235885e-05	0.0	0.0	1.043198865e-05
D_0__Bacteria;D_1__Chloroflexi;D_2__S085	8.94704433498	0.442176787219	0.866154580574	1.0	0.00410860067765	0.00188579618735	0.00409757816975	0.00234164617726	0.002438223148	0.00231527894394	0.0027014685898	0.0035817380098	0.00257840245665	0.0018986219343
D_0__Bacteria;D_1__GAL15;D_2__uncultured bacterium	8.94685188299	0.44219465622	0.866154580574	1.0	1.07266196088e-05	0.0	0.0	0.0	0.0	8.15930739922e-06	1.52851696311e-05	1.76530530513e-05	1.80805670066e-05	0.0
D_0__Bacteria;D_1__Candidatus Berkelbacteria;D_2__uncultured bacterium	8.92727860375	0.444013968815	0.866154580574	1.0	4.75419693606e-05	7.04585002766e-06	0.000205613241493	0.0	1.03997670452e-05	5.77891044422e-06	2.11230714636e-06	1.0321535987e-05	0.0	1.043198865e-05
D_0__Bacteria;D_1__Chloroflexi;D_2__Chloroflexia	8.81034482759	0.454962188553	0.866154580574	1.0	0.000912627022819	0.000595258149032	0.00138054605002	0.000598420689745	0.000380460607285	0.000835899013343	0.00078940571045	0.00076274950565	0.0007506514875	0.0008554230693
D_0__Bacteria;D_1__Chloroflexi;D_2__Ardenticatenia	8.75736520289	0.459966404449	0.866154580574	1.0	0.000199259807526	6.86113754639e-05	0.00017623992128	3.90274362877e-05	2.5999417613e-05	0.000124440219182	0.00011545736288	0.000269672044986	8.00710824577e-05	0.0
D_0__Bacteria;D_1__FBP;Ambiguous_taxa	8.75705521472	0.459995763503	0.866154580574	1.0	3.66441305264e-05	1.27638781765e-05	0.0	0.0	1.03997670452e-05	0.0	1.92880398722e-06	0.0	0.0	0.0
D_0__Bacteria;D_1__Microgenomates;D_2__Candidatus Woesebacteria	8.73951141795	0.461658825762	0.866154580574	1.0	9.90008051032e-06	0.0	0.0	0.0	0.0	2.380396955e-06	0.0	3.01895039462e-06	3.79595958062e-06	0.0
D_0__Bacteria;D_1__Actinobacteria;D_2__MB-A2-108	8.73275862069	0.462299732022	0.866154580574	1.0	0.0112883937258	0.00677231747321	0.0127773942928	0.00435806371879	0.00292367961741	0.0133419321823	0.0162543990206	0.0126188433451	0.007851541987	0.00101190289905
D_0__Bacteria;D_1__Bacteroidetes;D_2__Bacteroidetes vadinHA17	8.72517259692	0.463020231829	0.866154580574	1.0	0.000600040793287	0.0	1.46866601066e-05	0.0	0.0	2.88945522211e-06	0.0	2.87840226835e-06	5.16587628759e-06	0.0
D_0__Bacteria;D_1__Actinobacteria;D_2__Thermoleophilia	8.67179802956	0.468104797675	0.866154580574	1.0	0.0573348429773	0.0562541457318	0.0632848183994	0.0487192496325	0.0649778923778	0.0740294128706	0.105684939011	0.0621654003424	0.0563021986411	0.0551539239925
D_0__Bacteria;D_1__Acidobacteria;D_2__Subgroup 13	8.58267123288	0.476653378446	0.866154580574	1.0	6.83436519194e-05	0.000113902658819	4.40599803199e-05	0.0	0.00183706020616	4.45392143719e-05	0.000171051236377	4.45614129992e-05	4.49660746112e-05	0.00055289539845
D_0__Bacteria;D_1__Latescibacteria;Other	8.37992610837	0.49635800953	0.866154580574	1.0	0.000692684309533	0.00110565659675	0.000220299901599	0.00102772248891	0.000774402979624	0.000471096202207	0.000669588027567	0.00199979959864	0.000662590413892	0.00090758301255
D_0__Bacteria;D_1__Tectomicrobia;D_2__Tectomicrobia Incertae Sedis	8.34544334975	0.49974331571	0.866154580574	1.0	0.000111447570793	0.000159738337101	0.000352479842559	0.000156109745151	5.16889822169e-05	7.13975335245e-05	0.000127076750764	0.000143921628171	0.000184287839106	1.043198865e-05
D_0__Bacteria;D_1__Acidobacteria;D_2__Subgroup 21	8.33333333333	0.500934447749	0.866154580574	1.0	4.74340548053e-06	0.0	0.0	0.0	0.0	0.0	0.0	0.0	0.0	0.0
D_0__Bacteria;D_1__Chloroflexi;D_2__SJA-15	8.33333333333	0.500934447749	0.866154580574	1.0	2.84604328832e-05	0.0	0.0	0.0	0.0	0.0	0.0	0.0	0.0	0.0
D_0__Bacteria;D_1__Fibrobacteres;D_2__Chitinivibrionia	8.33333333333	0.500934447749	0.866154580574	1.0	3.79472438442e-05	0.0	0.0	0.0	0.0	0.0	0.0	0.0	0.0	0.0
D_0__Bacteria;D_1__Latescibacteria;D_2__Latescibacteria Incertae Sedis	8.33333333333	0.500934447749	0.866154580574	1.0	1.18585137013e-05	0.0	0.0	0.0	0.0	0.0	0.0	0.0	0.0	0.0
D_0__Bacteria;D_1__SR1 (Absconditabacteria);D_2__uncultured bacterium	8.33333333333	0.500934447749	0.866154580574	1.0	0.0	0.0	0.0	0.0	5.19988352261e-06	0.0	0.0	0.0	0.0	0.0
D_0__Bacteria;D_1__WS2;D_2__uncultured bacterium	8.33333333333	0.500934447749	0.866154580574	1.0	2.37170274027e-06	0.0	0.0	0.0	0.0	0.0	0.0	0.0	0.0	0.0
D_0__Bacteria;D_1__Chloroflexi;D_2__Gitt-GS-136	8.15825123153	0.518280452131	0.866154580574	1.0	0.00379417509784	0.00186634883675	0.00352479842559	0.00153507916065	0.00143232354555	0.00314787246254	0.00504329854254	0.00330095465156	0.00176170904171	9.388789785e-05
D_0__Bacteria;D_1__Verrucomicrobia;D_2__Opitutae	8.12192118227	0.521907805478	0.866154580574	1.0	0.00768496985913	0.00639639738575	0.00696147689054	0.0089893194916	0.00825236519211	0.00584623042186	0.00507158573771	0.00413543936789	0.0051223767651	0.0102442128543
D_0__Bacteria;D_1__Acidobacteria;D_2__Subgroup 25	8.12068965517	0.522030927609	0.866154580574	1.0	0.00162056341697	0.000842850156812	0.00143929269045	0.000208146326868	0.000340017816436	0.000919843734039	0.00101601955126	0.00152247998768	0.00110118873943	4.17279546e-05
D_0__Bacteria;D_1__RsaHf231;D_2__uncultured bacterium	8.06925996205	0.527181851969	0.866154580574	1.0	0.0	0.0	0.0	0.0	0.0	0.0	0.0	4.02200714214e-06	0.0	0.0
D_0__Bacteria;D_1__Actinobacteria;D_2__TakashiAC-B11	8.05191780822	0.528922747034	0.866154580574	1.0	0.000543225807412	0.000179098156939	0.000234986561706	5.20365817169e-05	0.000145596738633	0.000121206600073	0.000282315605574	0.000236240116959	4.87620341919e-05	0.0
D_0__Bacteria;D_1__Planctomycetes;D_2__Phycisphaerae	8.02401477833	0.53172792782	0.866154580574	1.0	0.00535044751758	0.0096784694205	0.00550749753998	0.00656961844176	0.00820804122573	0.00629459911067	0.00878978694882	0.00728006420802	0.00848495701849	0.0101398929678
D_0__Bacteria;D_1__Acidobacteria;D_2__Subgroup 18	8.00800492611	0.533339713456	0.866154580574	1.0	0.00135107304435	0.0004855336853	0.000440599803199	0.000533374962599	0.00020001394904	0.000824312442203	0.000571628444319	0.00145876175233	0.000731671689597	0.00017734380705
D_0__Bacteria;D_1__Acidobacteria;D_2__AT-s3-28	7.86268472906	0.548041459232	0.866154580574	1.0	0.000184860406523	0.000119292286007	0.000117493280853	9.10640180047e-05	0.0002062426283	0.00013463575965	0.000197531332204	0.000182129966953	0.000179393612634	0.0002712317049
D_0__Bacteria;D_1__Actinobacteria;D_2__Acidimicrobiia	7.82081280788	0.55230012019	0.866154580574	1.0	0.0172773329629	0.0143197746069	0.0164784326396	0.0155589379334	0.0147720852326	0.0198227459928	0.024404135566	0.0209818432246	0.0146915421446	0.0091384220574
D_0__Bacteria;D_1__Microgenomates;D_2__uncultured bacterium	7.81150306748	0.553248271749	0.866154580574	1.0	3.32038383637e-05	0.0	2.93733202133e-05	0.0	1.03997670452e-05	0.0	0.0	5.94415484972e-06	0.0	0.0
D_0__Bacteria;D_1__Acidobacteria;D_2__Subgroup 19	7.75369978858	0.559145341107	0.866154580574	1.0	1.35115918984e-05	0.0	5.87466404265e-05	0.0	5.19988352261e-06	2.380396955e-06	1.33563656439e-05	1.19191983717e-05	5.16587628759e-06	0.0
D_0__Bacteria;D_1__Acidobacteria;D_2__Subgroup 17	7.70197044335	0.564436848521	0.866154580574	1.0	0.00398756037142	0.00389348748389	0.00262891215909	0.00279696626729	0.00288238221848	0.00570306327979	0.00489915363074	0.00521432972721	0.00312750501727	0.0023993573895
D_0__Bacteria;D_1__Acidobacteria;D_2__Solibacteres	7.68842364532	0.565824676164	0.866154580574	1.0	0.0033906379254	0.00492875435811	0.00396539822879	0.00677776476863	0.0107099395784	0.00350479586166	0.00857927491378	0.00384399925011	0.00484469794298	0.0149386077468
D_0__Bacteria;D_1__Hydrogenedentes;D_2__uncultured bacterium	7.68151260504	0.566533016157	0.866154580574	1.0	0.000122442461939	7.04585002766e-06	7.34333005331e-05	0.0	5.47825381708e-05	5.26985217711e-06	1.06801563837e-05	1.53794585956e-05	2.4459464731e-05	3.129596595e-05
D_0__Archaea;D_1__Bathyarchaeota;D_2__uncultured archaeon	7.61728395062	0.573126196981	0.866154580574	1.0	2.37170274027e-06	0.0	0.0	0.0	3.32246886016e-06	0.0	0.0	0.0	0.0	0.0
D_0__Bacteria;D_1__SR1 (Absconditabacteria);Ambiguous_taxa	7.61728395062	0.573126196981	0.866154580574	1.0	9.1610326316e-06	0.0	0.0	0.0	1.57221580234e-05	0.0	0.0	0.0	0.0	0.0
D_0__Bacteria;D_1__SR1 (Absconditabacteria);Other	7.61728395062	0.573126196981	0.866154580574	1.0	4.74340548053e-06	0.0	0.0	0.0	9.96740658048e-06	0.0	0.0	0.0	0.0	0.0
D_0__Bacteria;D_1__Latescibacteria;D_2__uncultured bacterium	7.57142857143	0.577843933466	0.866154580574	1.0	0.00739630752457	0.0117139977007	0.00326043854367	0.00208146326868	0.00207685413917	0.00677574117321	0.00607078919986	0.00996775421548	0.00712280916681	0.00464223494925
D_0__Bacteria;D_1__Gracilibacteria;D_2__uncultured bacterium	7.52164143803	0.582975411846	0.866154580574	1.0	1.62761408524e-05	5.28714483605e-06	0.0	0.0	6.64493772032e-06	4.76079390999e-06	0.0	3.06543477061e-06	2.32464432942e-05	0.0
D_0__Bacteria;D_1__Chloroflexi;D_2__KD4-96	7.47413793103	0.587879796752	0.866154580574	1.0	0.0166095595777	0.00973594315951	0.0109121884592	0.00882020060102	0.0121390638459	0.0161924055447	0.0189864566063	0.0149028280502	0.0124783576976	0.0085750946703
D_0__Bacteria;D_1__Acidobacteria;D_2__Subgroup 15	7.46305418719	0.589025200185	0.866154580574	1.0	0.00102312032885	0.000351366302511	0.00102806620746	0.000286201199443	0.000754872282045	0.000451801881434	0.000328620817431	0.000684469235331	0.000441827650232	0.0011892467061
D_0__Bacteria;D_1__Actinobacteria;Other	7.42121848739	0.59335201328	0.866154580574	1.0	2.78497228953e-06	4.45751668138e-06	0.0	0.0	5.19988352261e-06	1.53004982642e-05	4.338368087e-06	5.79241796602e-06	5.16587628759e-06	0.0
D_0__Bacteria;D_1__Acidobacteria;D_2__Blastocatellia	7.37315270936	0.598329481089	0.866154580574	1.0	0.0286875132435	0.0379282958636	0.0596278400329	0.0504104385383	0.0317434887728	0.037215061836	0.034142204341	0.0455670915714	0.0326514995155	0.0305239987899
D_0__Bacteria;D_1__Omnitrophica;Other	7.33968401487	0.601798964045	0.866154580574	1.0	2.60887301429e-05	0.0	0.0	0.0	0.0	0.0	2.23092779825e-06	6.73864653041e-06	0.0	0.0
D_0__Bacteria;D_1__Chloroflexi;D_2__SHA-26	7.33064516129	0.602736434935	0.866154580574	1.0	4.74340548053e-06	0.0	0.0	0.0	0.0	0.0	3.85760797445e-06	0.0	3.79595958062e-06	0.0
D_0__Bacteria;D_1__Ignavibacteriae;D_2__Ignavibacteria	7.24049369748	0.612096198163	0.868992519243	1.0	4.93029621129e-05	0.000374724414498	2.93733202133e-05	0.0	5.71987187487e-05	5.44049660784e-05	3.73083350228e-05	0.000124183950686	4.7549012755e-05	0.0
D_0__Bacteria;D_1__Cyanobacteria;D_2__ML635J-21	7.19889162562	0.616420467885	0.868992519243	1.0	0.000105706406989	0.000186785766618	0.000117493280853	0.000299210344872	0.000295204879448	0.000145519627891	0.000159530226732	0.000144718082274	0.000143703164432	0.00015647982975
D_0__Bacteria;D_1__Acidobacteria;D_2__Subgroup 2	7.18226600985	0.618149317812	0.868992519243	1.0	0.000318701468065	0.0017063424189	0.000602153064372	0.000325228635731	0.00766625260425	0.000442997371638	0.00289717188151	0.000677764942203	0.0012711453006	0.004798714779
D_0__Bacteria;D_1__Verrucomicrobia;D_2__WCHB1-41	6.95010159425	0.642314663395	0.896467947472	1.0	1.54700250894e-05	4.45751668138e-06	0.0	0.0	0.0	4.76079390999e-06	1.54735396478e-05	1.11588983727e-05	1.80805670066e-05	2.08639773e-05
D_0__Bacteria;D_1__Chlorobi;D_2__Chlorobia	6.83004926108	0.654808482338	0.907377468383	1.0	0.000802055403849	0.00103247833107	0.000925259586717	0.00192535352353	0.00110231924711	0.00081709260771	0.000790932087772	0.00073187837072	0.000799160677346	0.0004798714779
D_0__Bacteria;D_1__Armatimonadetes;D_2__Chthonomonadetes	6.78325123153	0.659674425714	0.907637153111	1.0	0.000187470396373	9.10415754852e-05	7.34333005331e-05	1.30091454292e-05	0.000268338116224	0.00010830087389	0.000216038853783	0.000105498768787	7.2008477486e-05	0.00065721528495
D_0__Bacteria;D_1__Chlamydiae;D_2__Chlamydiae	6.60899014778	0.677755152677	0.915262318569	1.0	0.000124761722253	0.000250021607852	0.000264359881919	0.000260182908585	0.00017655321946	0.000210270653692	0.000176326457183	0.000273228071327	0.000235391634723	0.0003338236368
D_0__Bacteria;D_1__Chloroflexi;D_2__JG37-AG-4	6.60095137421	0.678587313836	0.915262318569	1.0	1.66019191819e-05	1.00650666867e-05	0.0	0.0	4.26278639187e-05	2.88945522211e-06	0.000119585847208	6.30361820073e-06	0.0	9.388789785e-05
D_0__Bacteria;D_1__Bacteroidetes;D_2__WCHB1-32	6.59338905775	0.679369968422	0.915262318569	1.0	0.0001103381347	2.88031012395e-05	1.46866601066e-05	0.0	0.0	7.6502491321e-06	1.94546351318e-05	1.64652045839e-05	2.32464432942e-05	0.0
D_0__Archaea;D_1__Thaumarchaeota;D_2__Soil Crenarchaeotic Group(SCG)	6.47906403941	0.691177639452	0.924748014164	1.0	0.0323685222304	0.0250296566239	0.0479225719279	0.0310138027033	0.0127577372711	0.0222860163021	0.0265768181776	0.0267910931397	0.0317806823112	0.00674949665655
D_0__Bacteria;D_1__Chloroflexi;D_2__Thermomicrobia	6.34298029557	0.70516091404	0.927490378635	1.0	0.00238204381068	0.0017752632349	0.00462629793359	0.00405885337392	0.00220809984776	0.0017913337007	0.00225932532375	0.0018239661216	0.00164177228495	0.00238892540085
D_0__Bacteria;D_1__Bacteroidetes;D_2__Bacteroidetes VC2.1 Bac22	6.33101218177	0.706386311799	0.927490378635	1.0	0.000424884876673	5.94753858141e-05	2.93733202133e-05	7.80548725754e-05	3.92892930537e-05	5.67853630334e-05	8.66422608722e-05	3.40322800979e-05	5.36141199392e-05	7.302392055e-05
D_0__Bacteria;D_1__Microgenomates;D_2__uncultured candidate division WS6 bacterium	6.31944444444	0.707569979577	0.927490378635	1.0	0.0	1.86918333511e-06	0.0	0.0	0.0	0.0	2.23092779825e-06	0.0	0.0	0.0
D_0__Bacteria;D_1__Acidobacteria;D_2__Acidobacteria	6.15086206897	0.724729581547	0.938063224682	1.0	0.000459589268793	0.00496828832518	0.000455286463305	0.000429301799165	0.023354588211	0.00064015427939	0.0179130263475	0.00112048107065	0.00601690972583	0.0320053411782
D_0__Bacteria;D_1__Spirochaetae;D_2__Spirochaetes	6.14516129032	0.725306617022	0.938063224682	1.0	9.1610326316e-06	8.4327159888e-05	0.0	1.30091454292e-05	3.98696263219e-05	8.89135343631e-05	1.68078297282e-05	4.00759366139e-05	5.28717843128e-05	2.08639773e-05
D_0__Bacteria;D_1__Verrucomicrobia;D_2__Spartobacteria	6.04679802956	0.735225557293	0.944369399121	1.0	0.0485059519316	0.102591539756	0.0714799747389	0.0651498003096	0.0728770510087	0.0914200204811	0.087537921484	0.0697446792548	0.0777167865694	0.0990830281977
D_0__Bacteria;D_1__Chloroflexi;D_2__Elev-1554	6.0	0.739918292095	0.944369399121	1.0	0.0	0.0	0.0	0.0	0.0	0.0	1.92880398722e-06	0.0	0.0	0.0
D_0__Bacteria;D_1__Planctomycetes;D_2__BD7-11	5.91256157635	0.748636628648	0.949251672926	1.0	0.000102502367272	0.000146867963563	4.40599803199e-05	3.90274362877e-05	4.96890600989e-05	0.000159816384746	0.000152244028821	0.000166096862465	0.00014918283126	7.302392055e-05
D_0__Bacteria;D_1__Peregrinibacteria;Other	5.84698731501	0.755129436294	0.951266952214	1.0	4.74340548053e-06	5.17666669255e-06	0.0	0.0	8.52235238277e-06	0.0	2.11230714636e-06	1.0619062057e-05	2.32464432942e-05	1.043198865e-05
D_0__Bacteria;D_1__Acidobacteria;D_2__Subgroup 9	5.78696498054	0.761035902853	0.952522355829	1.0	0.000113033581106	3.49520127011e-05	0.0	9.10640180047e-05	6.75984857939e-05	6.59484118415e-05	9.64125305596e-05	0.000161121199506	9.14589611996e-05	0.0
D_0__Bacteria;D_1__Armatimonadetes;D_2__uncultured	5.57450738916	0.781631549576	0.96823774373	1.0	0.000600580059951	0.000301311160036	0.000411226482986	0.000234164617726	0.000274950849935	0.000302432182289	0.000403102927808	0.00040338312828	0.000337695175033	0.00036511960275
D_0__Bacteria;D_1__Chloroflexi;D_2__SBR2076	5.55418719212	0.783573844153	0.96823774373	1.0	0.000414626571343	0.000344533412979	0.000117493280853	0.000533374962599	0.000246380540279	0.000256860476258	0.000425547288987	0.000461015696198	0.000540377371686	0.00030252767085
D_0__Bacteria;D_1__Chloroflexi;D_2__Anaerolineae	5.46243842365	0.792278595829	0.970636520075	1.0	0.00626262395729	0.00248312900221	0.00384790494794	0.00174322548752	0.00260262858672	0.00259644568001	0.00217603327784	0.00332485605714	0.00290989182664	0.0025245412533
D_0__Bacteria;D_1__Planctomycetes;D_2__OM190	5.42795566502	0.795521683979	0.970636520075	1.0	0.00509981286384	0.00715597706822	0.00418569813039	0.00642651784204	0.00422209524387	0.00705968913151	0.00841406815996	0.00913228985092	0.00515009794935	0.0029835487539
D_0__Archaea;D_1__Thaumarchaeota;D_2__South African Gold Mine Gp 1(SAGMCG-1)	5.23216975043	0.813617929759	0.977627173019	1.0	9.1610326316e-06	0.000351086061831	0.0	0.0	0.00199671406897	1.15578208884e-05	2.31456478467e-05	2.30782722682e-06	0.00042514747303	0.0
D_0__Bacteria;D_1__PAUC34f;D_2__uncultured bacterium	5.18518518519	0.817875562496	0.977627173019	1.0	0.0	0.0	0.0	0.0	0.0	0.0	0.0	6.90597938274e-06	0.0	0.0
D_0__Bacteria;D_1__RBG-1 (Zixibacteria);Ambiguous_taxa	5.14041745731	0.821899887871	0.977627173019	1.0	5.56994457905e-06	0.0	0.0	0.0	0.0	0.0	0.0	3.29281946957e-06	0.0	0.0
D_0__Bacteria;D_1__RBG-1 (Zixibacteria);D_2__uncultured bacterium	5.14041745731	0.821899887871	0.977627173019	1.0	7.1151082208e-06	0.0	0.0	0.0	0.0	0.0	0.0	4.95009364736e-06	0.0	0.0
D_0__Bacteria;D_1__Deinococcus-Thermus;D_2__Deinococci	5.08938528943	0.826447713274	0.977627173019	1.0	3.32038383637e-05	0.0	0.0	0.0	0.0	0.0	4.45212188129e-06	4.12951587079e-06	3.79595958062e-06	0.0
D_0__Bacteria;Other;Other	5.00659509202	0.833732970691	0.978289148921	1.0	2.78497228953e-06	0.0	0.0	0.0	6.64493772032e-06	0.0	0.0	4.9232313669e-06	5.16587628759e-06	0.0
D_0__Bacteria;D_1__Firmicutes;D_2__Negativicutes	4.96795415959	0.837092776911	0.978289148921	1.0	3.40303774622e-05	5.17666669255e-06	2.93733202133e-05	0.0	2.07995340904e-05	3.99433148425e-05	1.51860164096e-05	1.76411648941e-05	1.80805670066e-05	1.043198865e-05
D_0__Archaea;D_1__Parvarchaeota;D_2__uncultured archaeon	4.80478395062	0.850982830521	0.988566880964	1.0	1.42302164416e-05	0.0	0.0	0.0	0.0	0.0	0.0	2.29907607796e-06	0.0	0.0
D_0__Bacteria;D_1__Firmicutes;D_2__Bacilli	4.6828817734	0.861030104021	0.994284762976	1.0	0.0095184525242	0.00608325607629	0.00913510258632	0.00846895367443	0.0127840699548	0.00685777568048	0.0117095201002	0.0103203899643	0.00977869070821	0.00674949665655
D_0__Bacteria;D_1__Actinobacteria;D_2__Nitriliruptoria	4.45820023537	0.878755906727	1.0	1.0	1.35115918984e-05	2.340547826e-05	0.0	0.0	5.19988352261e-06	2.380396955e-06	2.67370655758e-05	1.02208731467e-05	5.16587628759e-06	0.0
D_0__Bacteria;D_1__Chloroflexi;D_2__uncultured Bellilinea sp.	4.37268518519	0.885217797141	1.0	1.0	2.78497228953e-06	0.0	0.0	0.0	0.0	0.0	0.0	1.97047958846e-06	0.0	0.0
D_0__Bacteria;D_1__Parcubacteria;D_2__Candidatus Uhrbacteria	4.37268518519	0.885217797141	1.0	1.0	0.0	0.0	0.0	0.0	3.32246886016e-06	0.0	0.0	1.53271738531e-06	0.0	0.0
D_0__Bacteria;D_1__Acidobacteria;D_2__Holophagae	3.92426108374	0.916326321241	1.0	1.0	0.0055362047135	0.00527484844549	0.00657962372777	0.00554189595285	0.00551674828733	0.00480383978957	0.00460049229322	0.00566910909411	0.00385957477885	0.0058836415986
D_0__Bacteria;D_1__Microgenomates;D_2__uncultured soil bacterium	3.80913035451	0.923519865746	1.0	1.0	9.1610326316e-06	1.86918333511e-06	0.0	0.0	0.0	0.0	3.85760797445e-06	8.29941638504e-07	0.0	0.0
D_0__Bacteria;D_1__Firmicutes;D_2__Limnochordia	3.29040889133	0.951660342695	1.0	1.0	5.64180703337e-05	8.5231144933e-05	2.93733202133e-05	0.000117082308863	0.000127231681728	6.3912178773e-05	5.76045181333e-05	5.80487264441e-05	0.000136069104546	3.129596595e-05
D_0__Archaea;D_1__Woesearchaeota (DHVEG-6);Other	2.5	0.980883491403	1.0	1.0	0.0	0.0	0.0	0.0	0.0	0.0	0.0	7.66358692653e-07	0.0	0.0
D_0__Bacteria;D_1__Aminicenantes;D_2__uncultured bacterium	2.5	0.980883491403	1.0	1.0	0.0	0.0	0.0	0.0	0.0	0.0	0.0	1.31365305897e-06	0.0	0.0
D_0__Bacteria;D_1__Candidatus Berkelbacteria;Other	2.5	0.980883491403	1.0	1.0	0.0	0.0	0.0	0.0	0.0	0.0	0.0	1.98748678321e-06	0.0	0.0
D_0__Bacteria;D_1__Chlamydiae;D_2__LD1-PA32	2.5	0.980883491403	1.0	1.0	0.0	0.0	0.0	0.0	0.0	0.0	0.0	3.76931775349e-06	0.0	0.0
D_0__Bacteria;D_1__Lentisphaerae;D_2__Lentisphaeria	2.5	0.980883491403	1.0	1.0	0.0	0.0	0.0	0.0	0.0	0.0	0.0	1.98748678321e-06	0.0	0.0
D_0__Bacteria;D_1__Parcubacteria;D_2__Candidatus Moranbacteria	2.5	0.980883491403	1.0	1.0	0.0	0.0	0.0	0.0	0.0	0.0	0.0	8.29941638504e-07	0.0	0.0
D_0__Bacteria;D_1__Firmicutes;D_2__Clostridia	1.68472906404	0.995530350904	1.0	1.0	0.0018548360459	0.000768880218241	0.00105743952768	0.000871612743759	0.00139865803751	0.00144500750644	0.00144537188812	0.00143327732014	0.00109780965731	0.00105363085365
D_0__Archaea;D_1__Thaumarchaeota;D_2__Marine Group I	nan	nan	1.0	nan	0.0	0.0	0.0	0.0	0.0	0.0	0.0	0.0	0.0	0.0
D_0__Bacteria;D_1__Acidobacteria;Other	nan	nan	1.0	nan	0.0	0.0	0.0	0.0	0.0	0.0	0.0	0.0	0.0	0.0
D_0__Bacteria;D_1__Hydrogenedentes;Other	nan	nan	1.0	nan	0.0	0.0	0.0	0.0	0.0	0.0	0.0	0.0	0.0	0.0
D_0__Bacteria;D_1__Latescibacteria;D_2__uncultured Latescibacteria bacterium	nan	nan	1.0	nan	0.0	0.0	0.0	0.0	0.0	0.0	0.0	0.0	0.0	0.0
D_0__Bacteria;D_1__Microgenomates;D_2__Candidatus Curtissbacteria	nan	nan	1.0	nan	0.0	0.0	0.0	0.0	0.0	0.0	0.0	0.0	0.0	0.0
D_0__Bacteria;D_1__Microgenomates;D_2__Candidatus Daviesbacteria	nan	nan	1.0	nan	0.0	0.0	0.0	0.0	0.0	0.0	0.0	0.0	0.0	0.0
D_0__Bacteria;D_1__Microgenomates;D_2__Candidatus Pacebacteria	nan	nan	1.0	nan	0.0	0.0	0.0	0.0	0.0	0.0	0.0	0.0	0.0	0.0
D_0__Bacteria;D_1__Nitrospinae;D_2__Belgica2005-10-ZG-3	nan	nan	1.0	nan	0.0	0.0	0.0	0.0	0.0	0.0	0.0	0.0	0.0	0.0
D_0__Bacteria;D_1__Parcubacteria;D_2__Candidatus Adlerbacteria	nan	nan	1.0	nan	0.0	0.0	0.0	0.0	0.0	0.0	0.0	0.0	0.0	0.0
D_0__Bacteria;D_1__Parcubacteria;D_2__Candidatus Kuenenbacteria	nan	nan	1.0	nan	0.0	0.0	0.0	0.0	0.0	0.0	0.0	0.0	0.0	0.0
D_0__Bacteria;D_1__Parcubacteria;Other	nan	nan	1.0	nan	0.0	0.0	0.0	0.0	0.0	0.0	0.0	0.0	0.0	0.0
D_0__Bacteria;D_1__Peregrinibacteria;D_2__uncultured bacterium	nan	nan	1.0	nan	0.0	0.0	0.0	0.0	0.0	0.0	0.0	0.0	0.0	0.0
D_0__Bacteria;D_1__Saccharibacteria;D_2__uncultured Candidatus Saccharibacteria bacterium	nan	nan	1.0	nan	0.0	0.0	0.0	0.0	0.0	0.0	0.0	0.0	0.0	0.0