OTU	Test-Statistic	P	FDR_P	Bonferroni_P	10_mean	3.16_mean	31.6_mean	1_mean	100_mean	1000_mean
D_0__Bacteria;D_1__Acidobacteria;D_2__Subgroup 21	27.0	5.70424566827e-05	0.00184437276607	0.0110662365964	0.0	0.0	1.42302164416e-05	0.0	0.0	0.0
D_0__Bacteria;D_1__BRC1;Other	27.0	5.70424566827e-05	0.00184437276607	0.0110662365964	0.0	0.0	0.000327294978157	5.16587628759e-06	0.0	0.0
D_0__Bacteria;D_1__Chloroflexi;D_2__SJA-15	27.0	5.70424566827e-05	0.00184437276607	0.0110662365964	0.0	0.0	8.53812986496e-05	0.0	0.0	0.0
D_0__Bacteria;D_1__Fibrobacteres;D_2__Chitinivibrionia	27.0	5.70424566827e-05	0.00184437276607	0.0110662365964	0.0	0.0	0.000113841731533	0.0	0.0	0.0
D_0__Bacteria;D_1__Latescibacteria;D_2__Latescibacteria Incertae Sedis	27.0	5.70424566827e-05	0.00184437276607	0.0110662365964	0.0	0.0	3.5575541104e-05	0.0	0.0	0.0
D_0__Bacteria;D_1__WS2;D_2__uncultured bacterium	27.0	5.70424566827e-05	0.00184437276607	0.0110662365964	0.0	0.0	7.1151082208e-06	0.0	0.0	0.0
D_0__Archaea;D_1__Parvarchaeota;D_2__uncultured archaeon	20.25	0.00112166128846	0.0310860414229	0.21760228996	0.0	9.19630431184e-06	4.26906493248e-05	0.0	0.0	0.0
D_0__Archaea;D_1__Bathyarchaeota;D_2__uncultured archaeon	19.212962963	0.00175422292115	0.0378132496337	0.340319246703	0.0	0.0	7.1151082208e-06	0.0	0.0	4.98370329024e-06
D_0__Bacteria;D_1__SR1 (Absconditabacteria);Other	19.212962963	0.00175422292115	0.0378132496337	0.340319246703	0.0	0.0	1.42302164416e-05	0.0	0.0	1.49511098707e-05
D_0__Bacteria;D_1__Parcubacteria;D_2__Candidatus Nomurabacteria	15.1875	0.00959051520554	0.186055994988	1.0	1.83583251333e-06	0.0	2.13453246624e-05	0.0	0.0	0.0
D_0__Bacteria;D_1__Proteobacteria;D_2__JTB23	14.6643682473	0.0118969619764	0.209819147583	1.0	3.80020090979e-06	0.0	3.5575541104e-05	3.09952577256e-05	0.000271510626416	0.000105635634137
D_0__Bacteria;D_1__RBG-1 (Zixibacteria);D_2__uncultured bacterium	13.6601043643	0.0179189082403	0.280972983412	1.0	1.88465887674e-06	1.22617390825e-05	2.13453246624e-05	0.0	0.0	0.0
D_0__Bacteria;D_1__Chloroflexi;D_2__SHA-26	13.1962591488	0.0216074057249	0.280972983412	1.0	0.0	7.71521594889e-06	1.42302164416e-05	0.0	5.42279940089e-07	0.0
D_0__Archaea;D_1__Woesearchaeota (DHVEG-6);Other	13.0	0.0233787681036	0.280972983412	1.0	0.0	3.06543477061e-06	0.0	0.0	0.0	0.0
D_0__Bacteria;D_1__Chloroflexi;D_2__Elev-1554	13.0	0.0233787681036	0.280972983412	1.0	0.0	3.85760797445e-06	0.0	0.0	0.0	0.0
D_0__Bacteria;D_1__Bacteroidetes;D_2__SB-5	12.9684535104	0.0236761931054	0.280972983412	1.0	2.64219376037e-06	0.0	9.96115150911e-05	0.0	0.0	0.0
D_0__Bacteria;D_1__Chloroflexi;D_2__JG37-AG-4	12.8258834189	0.0250662260139	0.280972983412	1.0	1.55103872388e-05	0.000245302563957	4.98057575456e-05	0.0	3.13900835483e-06	6.3941795878e-05
D_0__Bacteria;D_1__Bacteroidetes;D_2__Bacteroidetes vadinHA17	12.5529976861	0.0279478691186	0.280972983412	1.0	4.71423478168e-06	0.0	0.00180012237986	1.03317525752e-05	4.12779317445e-07	0.0
D_0__Bacteria;D_1__Chloroflexi;Other	12.5405372215	0.0280867445	0.280972983412	1.0	1.96436839646e-06	0.0	2.84604328832e-05	0.0	8.15092797117e-06	2.1759025098e-05
D_0__Bacteria;D_1__Parcubacteria;D_2__Candidatus Uhrbacteria	12.462962963	0.0289662869497	0.280972983412	1.0	0.0	6.13086954123e-06	0.0	0.0	0.0	4.98370329024e-06
D_0__Bacteria;D_1__Verrucomicrobia;D_2__S-BQ2-57 soil group	11.8952322308	0.0362518857101	0.33489837275	1.0	0.000479038337269	0.00099116484219	0.000619014415209	0.000268625566955	0.000227394260434	0.000178209557179
D_0__Bacteria;D_1__Gracilibacteria;D_2__uncultured bacterium	11.4345857548	0.0434127087574	0.382821159043	1.0	0.0	1.22617390825e-05	2.13453246624e-05	4.64928865884e-05	3.77615144449e-06	9.96740658048e-06
D_0__Bacteria;D_1__Proteobacteria;D_2__Gammaproteobacteria	10.8090253343	0.055300718463	0.454480122337	1.0	0.0432666498181	0.0294176442917	0.0310787927084	0.0419624130841	0.0593863271659	0.0620420978136
D_0__Bacteria;D_1__Omnitrophica;Other	10.76589409	0.0562243450314	0.454480122337	1.0	5.14777978089e-06	0.0	7.82661904288e-05	0.0	1.54647465637e-06	0.0
D_0__Bacteria;D_1__Peregrinibacteria;Other	10.5412262156	0.061274288373	0.475488477775	1.0	1.30343690094e-05	0.0	1.42302164416e-05	4.64928865884e-05	2.19202944723e-06	4.98370329024e-06
D_0__Bacteria;D_1__Bacteroidetes;D_2__WCHB1-32	10.3896656535	0.0649177659398	0.484386407397	1.0	1.87733839465e-05	3.53041288844e-05	0.000305949653494	4.64928865884e-05	9.30043289662e-06	0.0
D_0__Bacteria;D_1__Microgenomates;D_2__Candidatus Woesebacteria	9.91375844018	0.0777160693237	0.558404349956	1.0	0.0	0.0	2.13453246624e-05	0.0	3.20423093548e-06	0.0
D_0__Bacteria;D_1__Bacteroidetes;D_2__Bacteroidetes Incertae Sedis	9.68311195446	0.0847284966393	0.568181697682	1.0	0.0	0.0	2.13453246624e-05	0.0	2.45522912336e-06	0.0
D_0__Bacteria;D_1__FCPU426;D_2__uncultured bacterium	9.67661097852	0.0849343774886	0.568181697682	1.0	3.64647963447e-05	0.00038190318947	1.42302164416e-05	5.16587628759e-06	1.93160365039e-05	0.000256613530407
D_0__Bacteria;D_1__Chloroflexi;D_2__SBR2076	9.48979591837	0.0910517475674	0.588801300936	1.0	0.000403490999721	0.000706495609867	0.00054074822478	0.000883364845179	0.000325444636856	0.000166775353036
D_0__Bacteria;D_1__Planctomycetes;D_2__Planctomycetacia	9.24595355384	0.0996469738727	0.59386119794	1.0	0.0333592195297	0.0458039882244	0.038186785821	0.0386820816415	0.0348743774614	0.0265166003882
D_0__Bacteria;D_1__Proteobacteria;Other	9.2319669247	0.100161872974	0.59386119794	1.0	0.000101783509315	3.06543477061e-06	9.24964068703e-05	5.16587628759e-05	0.000120130173734	0.00017042377691
D_0__Bacteria;D_1__Chloroflexi;D_2__Ktedonobacteria	9.14435256861	0.103443102687	0.59386119794	1.0	0.000226616978258	0.000927273111076	0.000234798571286	0.000263459690667	0.000191526321915	0.00271545764662
D_0__Bacteria;D_1__Deinococcus-Thermus;D_2__Deinococci	9.01758212579	0.108364917794	0.59386119794	1.0	0.0	3.06543477061e-06	9.96115150911e-05	0.0	3.73611886511e-06	0.0
D_0__Bacteria;D_1__Actinobacteria;D_2__Coriobacteriia	9.00395051875	0.108906688759	0.59386119794	1.0	2.95129641245e-06	6.92304274506e-06	0.000263259004169	1.54976288628e-05	3.66508412392e-06	0.0
D_0__Bacteria;D_1__Planctomycetes;D_2__Phycisphaerae	8.92821956369	0.111961718537	0.59386119794	1.0	0.00793828879525	0.0110517947326	0.00429752536536	0.010471231235	0.00693395114042	0.00871634238271
D_0__Bacteria;D_1__Firmicutes;D_2__Bacilli	8.89655172414	0.113262187236	0.59386119794	1.0	0.00825874035425	0.017048290342	0.0127360437152	0.0111531269049	0.0083671551815	0.0154945873982
D_0__Bacteria;D_1__Actinobacteria;D_2__TakashiAC-B11	8.63365949119	0.124599095092	0.63611116968	1.0	0.000244783248321	0.000249505421802	0.0014016763195	6.71563917387e-05	0.000165985452676	0.0
D_0__Bacteria;D_1__Acidobacteria;D_2__Subgroup 25	8.43710415201	0.133734600526	0.661368490973	1.0	0.00112834847081	0.00191599998968	0.00291719437053	0.00203535525731	0.000891030911176	4.98370329024e-05
D_0__Bacteria;D_1__Planctomycetes;D_2__028H05-P-BN-P5	8.35310719561	0.137818998404	0.661368490973	1.0	0.0	6.13086954123e-06	0.0	5.16587628759e-06	1.67523954781e-06	0.0
D_0__Bacteria;D_1__Firmicutes;D_2__Negativicutes	8.29165656076	0.140877508291	0.661368490973	1.0	1.9949597827e-05	1.61193470569e-05	8.53812986496e-05	3.61611340132e-05	1.60263059068e-05	0.0
D_0__Bacteria;Other;Other	8.24612182296	0.14318286918	0.661368490973	1.0	4.9232313669e-06	0.0	0.0	1.03317525752e-05	5.96779776327e-07	9.96740658048e-06
D_0__Bacteria;D_1__Bacteroidetes;D_2__Bacteroidia	8.06129114354	0.152889944632	0.689782540897	1.0	1.61322941194e-05	5.00456456231e-05	0.000263259004169	1.54976288628e-05	1.89567986759e-05	0.0
D_0__Bacteria;D_1__Cyanobacteria;D_2__Cyanobacteria	7.924969988	0.160419443819	0.696954280341	1.0	7.94106077815e-05	1.07806507195e-05	2.13453246624e-05	0.000728388556551	3.50592966326e-05	0.0
D_0__Bacteria;D_1__Proteobacteria;D_2__Alphaproteobacteria	7.90297325827	0.161664652656	0.696954280341	1.0	0.102476975988	0.0833448170501	0.0710443555846	0.108488567916	0.106205845243	0.126123427746
D_0__Bacteria;D_1__Acidobacteria;D_2__Subgroup 6	7.67390921886	0.175146495306	0.714034821396	1.0	0.0930492810375	0.0881218366177	0.0985157884251	0.127049561417	0.10404975475	0.0830357740353
D_0__Bacteria;D_1__Actinobacteria;D_2__Rubrobacteria	7.65913089374	0.17604920484	0.714034821396	1.0	0.000546128998938	0.000411560432466	0.000825352553612	0.00100217999979	0.000442934813369	4.48533296122e-05
D_0__Archaea;D_1__Thaumarchaeota;D_2__Soil Crenarchaeotic Group(SCG)	7.52322308234	0.184543270828	0.714034821396	1.0	0.0265312838727	0.0342401370136	0.061453189703	0.0558327909163	0.0220930595914	0.00880183740541
D_0__Bacteria;D_1__Proteobacteria;D_2__SPOTSOCT00m83	7.43974630021	0.189935401036	0.714034821396	1.0	9.36121869313e-06	9.98847751567e-06	7.1151082208e-06	0.0	1.70182622503e-05	3.85343469058e-05
D_0__Bacteria;D_1__PAUC34f;D_2__uncultured bacterium	7.40046296296	0.192519794885	0.714034821396	1.0	2.30782722682e-06	1.83926086237e-05	0.0	0.0	0.0	0.0
D_0__Bacteria;D_1__Saccharibacteria;D_2__uncultured soil bacterium	7.40046296296	0.192519794885	0.714034821396	1.0	5.215994325e-06	0.0	0.0	0.0	0.0	2.99022197414e-05
D_0__Bacteria;D_1__Planctomycetes;D_2__BD7-11	7.31817382125	0.198032178121	0.714034821396	1.0	0.000130818501533	0.000229149325746	7.1151082208e-05	0.000237630309229	0.00012539580539	1.9934813161e-05
D_0__Bacteria;D_1__TM6 (Dependentiae);Other	7.31441883684	0.198286931723	0.714034821396	1.0	1.0581983164e-05	5.69686883682e-05	1.42302164416e-05	0.000118815154615	1.92655082112e-05	4.98370329024e-06
D_0__Bacteria;D_1__Microgenomates;D_2__uncultured bacterium	7.26172217353	0.201891965216	0.714034821396	1.0	5.5563239034e-06	0.0	9.96115150911e-05	0.0	4.54823349425e-06	0.0
D_0__Bacteria;D_1__GAL15;D_2__uncultured bacterium	7.20847343645	0.205591832372	0.714034821396	1.0	4.86588905156e-06	2.53156513687e-05	7.1151082208e-06	3.61611340132e-05	1.10135752278e-05	0.0
D_0__Bacteria;D_1__Saccharibacteria;Other	7.20103686636	0.206113144321	0.714034821396	1.0	1.36311530872e-05	1.07806507195e-05	0.0	1.54976288628e-05	1.34089054551e-05	0.000117427252655
D_0__Bacteria;D_1__Bacteroidetes;D_2__Bacteroidetes VC2.1 Bac22	7.01020931915	0.219882134646	0.741474716051	1.0	5.49603073984e-05	6.92304274506e-06	2.84604328832e-05	4.64928865884e-05	0.000144476824265	1.9934813161e-05
D_0__Bacteria;D_1__Chlamydiae;D_2__Chlamydiae	6.96164672766	0.22350835333	0.741474716051	1.0	0.000285888615339	0.000347323451482	8.53812986496e-05	0.00012914690719	0.000201320126526	0.000140032624648
D_0__Bacteria;D_1__Tectomicrobia;D_2__uncultured bacterium	6.93525686137	0.22550004251	0.741474716051	1.0	0.00593655088998	0.00505679605728	0.00439002177223	0.0101767762866	0.00509430329494	0.000108306192969
D_0__Archaea;D_1__Woesearchaeota (DHVEG-6);D_2__uncultured euryarchaeote	6.80568823274	0.23549725392	0.743105285308	1.0	2.46072474922e-05	0.0	0.0	5.68246391635e-05	1.41990376311e-05	2.1759025098e-05
D_0__Bacteria;D_1__SR1 (Absconditabacteria);Ambiguous_taxa	6.67724867725	0.24577129323	0.743105285308	1.0	0.0	0.0	0.0	0.0	1.96307842106e-06	2.35832370351e-05
D_0__Bacteria;D_1__Verrucomicrobia;D_2__WCHB1-41	6.66409145715	0.246844515494	0.743105285308	1.0	1.08442574406e-05	9.19630431184e-06	2.13453246624e-05	3.61611340132e-05	8.20296737102e-06	0.0
D_0__Bacteria;D_1__Gemmatimonadetes;D_2__Gemmatimonadetes	6.64707952146	0.24823792938	0.743105285308	1.0	0.0282124389597	0.0198841060645	0.056650491654	0.0173211831923	0.0281633017223	0.0465269027324
D_0__Bacteria;D_1__Saccharibacteria;D_2__uncultured bacterium	6.64391273751	0.248498033493	0.743105285308	1.0	0.000164416836258	0.000127094547067	5.69208657664e-05	9.81516494643e-05	0.000125061459816	0.000312769546016
D_0__Bacteria;D_1__Acidobacteria;D_2__Subgroup 15	6.52568613652	0.258371207744	0.743105285308	1.0	0.000604565528989	0.000594452353673	0.00191396411139	0.000397772474145	0.000509464196975	0.000999711393241
D_0__Bacteria;D_1__Chloroflexi;D_2__Caldilineae	6.48979591837	0.261431572281	0.743105285308	1.0	0.000525620628262	0.000570514532622	0.00115976263999	0.000898862474041	0.000572976194203	0.000357622875628
D_0__Bacteria;D_1__Bacteroidetes;D_2__Cytophagia	6.48636523575	0.261725658665	0.743105285308	1.0	0.0179510239752	0.010856983153	0.0163362884749	0.0133589560797	0.0249503901044	0.0216203107107
D_0__Bacteria;D_1__TM6 (Dependentiae);Ambiguous_taxa	6.47158691063	0.262995595023	0.743105285308	1.0	0.000310715144217	0.000137565423653	0.000498057575456	0.000423601855583	0.000211703678867	0.000344007045173
D_0__Bacteria;D_1__Acidobacteria;D_2__Subgroup 20	6.45646435415	0.264300333434	0.743105285308	1.0	0.000110965102541	0.00011193999815	0.000462482034352	0.000154976288628	0.000116334302066	1.17916185176e-05
D_0__Bacteria;D_1__Chloroflexi;D_2__Chloroflexia	6.37051372273	0.271816779752	0.752640029347	1.0	0.000816545534705	0.000795323851324	0.000640359739872	0.00128113731932	0.000728474717164	0.000344495977694
D_0__Bacteria;D_1__Acidobacteria;D_2__AT-s3-28	6.31984517945	0.276328647689	0.752640029347	1.0	0.000163435325515	9.1377386004e-05	0.000263259004169	0.000222132680367	0.000177074116894	0.000215766039043
D_0__Bacteria;D_1__Bacteroidetes;D_2__Flavobacteriia	6.28474665728	0.279489471924	0.752640029347	1.0	0.00602606057768	0.00619029899226	0.00224837419777	0.00300137412309	0.0081087294539	0.00420368643833
D_0__Bacteria;D_1__Verrucomicrobia;D_2__Verrucomicrobiae	6.20979943702	0.286336544418	0.752640029347	1.0	0.00402149737828	0.00206237782287	0.00336544618844	0.00297554474165	0.00502947270352	0.00345026375454
D_0__Bacteria;D_1__Acidobacteria;D_2__Subgroup 11	6.18156228008	0.288950924516	0.752640029347	1.0	0.00283725065345	0.00538648518219	0.00368562605837	0.00364194278275	0.00242888291801	0.000401272443971
D_0__Bacteria;D_1__Armatimonadetes;D_2__Chthonomonadetes	6.1359078114	0.29321827242	0.752640029347	1.0	0.000146337648012	0.000439251018863	0.000334410086377	0.000113649278327	9.66779132519e-05	0.000301109445645
D_0__Bacteria;D_1__Chloroflexi;D_2__SAR202 clade	6.06817344307	0.299641765658	0.752640029347	1.0	5.61554862387e-05	1.83926086237e-05	0.000192107921961	0.0	0.000100358215286	0.0
D_0__Bacteria;D_1__Proteobacteria;D_2__Betaproteobacteria	6.02507037298	0.303787101539	0.752640029347	1.0	0.0528179704046	0.0483375893848	0.0739188593058	0.047779189784	0.0652987078392	0.0751258277069
D_0__Bacteria;D_1__Acidobacteria;D_2__Subgroup 9	5.96259826888	0.309875301619	0.752640029347	1.0	6.20582287672e-05	0.00029734717275	0.000163647489078	0.000160142164915	9.37357779675e-05	0.0
D_0__Bacteria;D_1__Hydrogenedentes;D_2__uncultured bacterium	5.95284363745	0.310834519527	0.752640029347	1.0	1.97272182382e-05	0.0	9.24964068703e-05	4.13270103008e-05	3.71689907736e-05	3.53748555527e-05
D_0__Bacteria;D_1__Planctomycetes;D_2__Pla3 lineage	5.89667318982	0.31640328286	0.752640029347	1.0	0.000482136629948	0.000761019996316	0.00053363311656	0.000692227422538	0.000467188385662	0.0
D_0__Bacteria;D_1__Firmicutes;D_2__Clostridia	5.88467628431	0.317602676916	0.752640029347	1.0	0.00108462582705	0.00166917769246	0.00409118722696	0.00145161123681	0.00115535711881	0.00182499317132
D_0__Bacteria;D_1__Acidobacteria;D_2__Solibacteres	5.79521463758	0.326658189407	0.752640029347	1.0	0.00541856164731	0.0139631338998	0.00254720874304	0.00322867267975	0.00422263587472	0.0141851514742
D_0__Bacteria;D_1__Planctomycetes;D_2__OM190	5.78254750176	0.327956323827	0.752640029347	1.0	0.00721603705979	0.00543997223444	0.00390619441322	0.00664848278213	0.00783218700751	0.00267502480764
D_0__Bacteria;D_1__Acidobacteria;D_2__Subgroup 2	5.75299085151	0.331000717883	0.752640029347	1.0	0.00157089873376	0.00550101833845	0.000405561168585	0.000325450206118	0.000590548234886	0.0113355825754
D_0__Archaea;D_1__Euryarchaeota;D_2__Thermoplasmata	5.72149652673	0.334268473908	0.752640029347	1.0	1.95384160051e-05	7.05049997241e-05	0.00071151082208	0.0	1.34016782233e-05	0.0
D_0__Bacteria;D_1__Verrucomicrobia;D_2__Spartobacteria	5.68516889514	0.338068234501	0.752640029347	1.0	0.0982904156829	0.0967213002547	0.0633315782733	0.0753236421494	0.061882525692	0.0846213296642
D_0__Bacteria;D_1__Parcubacteria;D_2__Candidatus Azambacteria	5.64825227964	0.34196313962	0.752640029347	1.0	5.58428835093e-06	0.0	0.0	1.03317525752e-05	3.19975127554e-05	2.85669403254e-05
D_0__Bacteria;D_1__Deferribacteres;D_2__Deferribacteres Incertae Sedis	5.60607162513	0.346454871082	0.752640029347	1.0	0.000158816983238	0.000626140866409	0.000199223030182	6.19905154511e-05	0.000132738312692	0.0
D_0__Bacteria;D_1__Latescibacteria;D_2__uncultured bacterium	5.57010907811	0.350319395998	0.752640029347	1.0	0.00933736750965	0.00620202639579	0.00601226644657	0.0127803779355	0.00686848864615	0.00165671388066
D_0__Bacteria;D_1__Parcubacteria;D_2__uncultured bacterium	5.54622668257	0.352903579882	0.752640029347	1.0	4.00806002985e-05	6.75428229982e-05	5.69208657664e-05	9.81516494643e-05	5.47620373421e-05	0.000129218871172
D_0__Archaea;D_1__Thaumarchaeota;D_2__FHMa11 terrestrial group	5.52955740578	0.354715688964	0.752640029347	1.0	4.80871733458e-06	3.471847177e-05	0.0	0.0	4.12779317445e-07	2.35832370351e-05
D_0__Bacteria;D_1__Candidatus Berkelbacteria;D_2__uncultured bacterium	5.45254640318	0.363177402596	0.752640029347	1.0	3.08017611416e-05	3.06543477061e-06	9.24964068703e-05	0.0	1.20389972334e-05	0.0
D_0__Bacteria;D_1__Armatimonadetes;D_2__uncultured	5.43525686137	0.365097439068	0.752640029347	1.0	0.000363176310027	0.000376772593805	0.00103880580024	0.000485592371034	0.000357953852822	0.000233030293372
D_0__Bacteria;D_1__Peregrinibacteria;D_2__Candidatus Peribacteria	5.38219693818	0.371036363489	0.752640029347	1.0	1.12377834235e-05	2.62110826173e-05	3.5575541104e-05	6.71563917387e-05	1.65956761071e-05	4.98370329024e-06
D_0__Bacteria;D_1__Chloroflexi;D_2__KD4-96	5.35371217452	0.374253563828	0.752640029347	1.0	0.0140169407129	0.0110322403172	0.0245898140111	0.0143508043269	0.0146414668137	0.00907500036139
D_0__Bacteria;D_1__Acidobacteria;D_2__Acidobacteria	5.33154468684	0.376771244699	0.752640029347	1.0	0.00616910769892	0.0357012663723	0.000334410086377	3.09952577256e-05	0.00160140248029	0.0348134872086
D_0__Bacteria;D_1__FBP;D_2__uncultured bacterium	5.29651020687	0.380775240847	0.752640029347	1.0	5.25923208986e-05	3.15497789547e-05	0.000106726623312	8.78198968891e-05	7.19310434098e-05	0.000159121090914
D_0__Bacteria;D_1__Tectomicrobia;D_2__Tectomicrobia Incertae Sedis	5.2713757917	0.383666593453	0.752640029347	1.0	0.000133226469345	0.000168598912384	0.000170762597299	0.000330616082406	0.000119802861953	3.85343469058e-05
D_0__Bacteria;D_1__Acidobacteria;D_2__Subgroup 22	5.25580577058	0.385465575953	0.752640029347	1.0	0.00785733353046	0.00620994971241	0.0023266403882	0.0059562553596	0.00560412368658	0.000733713766854
D_0__Bacteria;D_1__Microgenomates;D_2__uncultured candidate division WS6 bacterium	5.18518518519	0.393700709289	0.752640029347	1.0	1.81640764979e-06	0.0	0.0	0.0	0.0	0.0
D_0__Bacteria;D_1__Elusimicrobia;D_2__Elusimicrobia	5.15974665728	0.3966973895	0.752640029347	1.0	0.00260106293482	0.00282163767868	0.00172897129765	0.00207668226761	0.0021606214721	0.00303544976025
D_0__Bacteria;D_1__Firmicutes;D_2__Limnochordia	5.14823780775	0.398058398945	0.752640029347	1.0	6.31020329689e-05	2.91732593432e-05	3.5575541104e-05	6.71563917387e-05	7.36839268765e-05	0.000190847522592
D_0__Bacteria;D_1__Firmicutes;D_2__Erysipelotrichia	5.13441126313	0.399697820022	0.752640029347	1.0	0.000118985368893	0.00055597794739	5.69208657664e-05	0.000113649278327	8.29888226865e-05	1.17916185176e-05
D_0__Bacteria;D_1__Chloroflexi;D_2__Ardenticatenia	5.06397403319	0.408122748431	0.752640029347	1.0	0.000117410228829	0.00055177825871	0.000213453246624	0.000160142164915	0.000122048129605	0.0
D_0__Bacteria;D_1__Chloroflexi;D_2__Anaerolineae	5.03201970443	0.411984979078	0.752640029347	1.0	0.00297115101395	0.00282966900709	0.0101959500804	0.00484042608148	0.00282554212382	0.00222698044404
D_0__Bacteria;D_1__Gemmatimonadetes;D_2__S0134 terrestrial group	4.96842012667	0.419746400764	0.752640029347	1.0	0.000689541992531	0.000411560432466	0.00169339575655	0.000862701340028	0.000950277057134	0.000873652013422
D_0__Bacteria;D_1__Cyanobacteria;D_2__Chloroplast	4.91247361013	0.426655246703	0.752640029347	1.0	0.00141863868453	0.000722819888431	0.00179300727164	0.00204568700989	0.00128530933596	0.000461923230349
D_0__Bacteria;D_1__Verrucomicrobia;D_2__UA11	4.90640394089	0.427409349425	0.752640029347	1.0	3.70162070882e-05	2.54189094135e-05	4.98057575456e-05	1.54976288628e-05	4.47444652812e-05	8.3387676518e-05
Unassigned;Other;Other	4.87895847994	0.430830302758	0.752640029347	1.0	0.000315229430128	0.000136773250449	0.000213453246624	0.000191137422641	0.000318742354514	0.000246157191306
D_0__Bacteria;D_1__Acidobacteria;D_2__Subgroup 18	4.86629134412	0.432415322143	0.752640029347	1.0	0.000883281396916	0.00166225781888	0.00169339575655	0.00128113731932	0.000761486306655	0.000151824243165
D_0__Bacteria;D_1__Actinobacteria;D_2__MB-A2-108	4.84385995778	0.43523157989	0.752640029347	1.0	0.0123784627338	0.00884622361514	0.0147851948828	0.0138962072136	0.0101321919558	0.00110179298158
D_0__Archaea;D_1__Euryarchaeota;D_2__Methanobacteria	4.83917616126	0.43582115191	0.752640029347	1.0	3.67166502666e-06	0.0	7.1151082208e-06	0.0	3.18228352217e-06	0.0
D_0__Bacteria;D_1__Chloroflexi;D_2__Gitt-GS-136	4.8187895848	0.438393419156	0.752640029347	1.0	0.00343199481259	0.00187012172616	0.00767008666202	0.00303753525711	0.00278924668892	0.000939512399317
D_0__Bacteria;D_1__TM6 (Dependentiae);D_2__uncultured Candidatus Dependentiae bacterium	4.62120695534	0.463831925292	0.789328013216	1.0	6.81634218201e-06	0.0	1.42302164416e-05	0.0	5.52564432809e-06	0.0
D_0__Bacteria;D_1__Planctomycetes;D_2__vadinHA49	4.58339197748	0.468803995968	0.790851958416	1.0	0.000314984184967	0.000377942323451	0.000199223030182	0.000185971546353	0.000258374517329	0.000439186340209
D_0__Bacteria;D_1__Latescibacteria;Ambiguous_taxa	4.51583391977	0.477767713327	0.796412802653	1.0	0.00132471021602	0.00194813542575	0.00224837419777	0.000356445463844	0.00112280779171	0.000446972120478
D_0__Bacteria;D_1__Gemmatimonadetes;D_2__BD2-11 terrestrial group	4.45777621393	0.485552635456	0.796412802653	1.0	0.000783536175778	0.000878711722982	0.00302392099384	0.000423601855583	0.00118721664384	0.000782478556634
D_0__Bacteria;D_1__WS2;Other	4.44852444417	0.486800091578	0.796412802653	1.0	2.09177371855e-05	3.85760797445e-06	0.0	4.13270103008e-05	1.52759591809e-05	9.96740658048e-06
D_0__Bacteria;D_1__Acidobacteria;D_2__Subgroup 19	4.43578224101	0.488521255235	0.796412802653	1.0	7.34333005331e-06	1.53271738531e-05	7.1151082208e-06	1.03317525752e-05	1.22789152711e-05	0.0
D_0__Bacteria;D_1__RBG-1 (Zixibacteria);Ambiguous_taxa	4.33562618596	0.502172486755	0.805294618266	1.0	9.93743391606e-07	9.19630431184e-06	0.0	0.0	1.19355955265e-06	0.0
D_0__Bacteria;D_1__Chloroflexi;D_2__TK10	4.27304714989	0.510810186176	0.805294618266	1.0	0.00395689185433	0.00471782858451	0.00391330952144	0.00212834103049	0.00368529857482	0.00361369086006
D_0__Bacteria;D_1__Verrucomicrobia;D_2__Verrucomicrobia Incertae Sedis	4.19253789524	0.522041447657	0.805294618266	1.0	6.00618612604e-05	0.00012578608364	1.42302164416e-05	3.61611340132e-05	5.32889042156e-05	4.98370329024e-06
D_0__Bacteria;D_1__Actinobacteria;Other	4.17254594145	0.524850608397	0.805294618266	1.0	6.69762802889e-06	3.06543477061e-06	0.0	1.03317525752e-05	5.13635973663e-06	0.0
D_0__Bacteria;D_1__Acidobacteria;D_2__Holophagae	4.16854327938	0.52541399254	0.805294618266	1.0	0.00521406415563	0.0042333574953	0.00854524497318	0.00603374350391	0.00520660269851	0.00520979109441
D_0__Bacteria;D_1__Tenericutes;D_2__Mollicutes	4.1294369888	0.530934835528	0.805294618266	1.0	0.00022609271185	4.24336877189e-05	4.26906493248e-05	0.0	0.00020753589222	4.98370329024e-06
D_0__Bacteria;D_1__Omnitrophica;D_2__uncultured bacterium	4.12922237861	0.530965215401	0.805294618266	1.0	8.37954146475e-05	0.000165636735658	0.000199223030182	4.13270103008e-05	8.62011184232e-05	0.00014101048969
D_0__Bacteria;D_1__Gemmatimonadetes;D_2__AKAU4049	4.09073868982	0.53642722335	0.805294618266	1.0	0.000787509936126	0.00115873434329	0.00106726623312	0.00100217999979	0.000873698990382	1.49511098707e-05
D_0__Bacteria;D_1__Chloroflexi;D_2__S085	4.08488740324	0.53726017415	0.805294618266	1.0	0.0026717099483	0.00377640436756	0.00594111536436	0.00196819886557	0.002928166064	0.00252636005583
D_0__Bacteria;D_1__Acidobacteria;D_2__Blastocatellia	4.07565095004	0.538576331948	0.805294618266	1.0	0.0358093094792	0.0433519723662	0.037766994436	0.0363626031884	0.0408685359301	0.0285056612137
D_0__Bacteria;D_1__Gemmatimonadetes;D_2__Longimicrobia	4.06826178747	0.539630414302	0.805294618266	1.0	0.000162792092892	2.75889129355e-05	0.000128071947974	0.000165308041203	0.000167980979238	6.84365666473e-05
D_0__Bacteria;D_1__Omnitrophica;D_2__Omnitrophica Incertae Sedis	3.97642505278	0.552815152303	0.815334012146	1.0	9.11017111064e-05	9.36506475708e-05	0.000206338138403	2.5829381438e-05	8.16818261868e-05	0.000168242150599
D_0__Bacteria;D_1__Ignavibacteriae;D_2__Ignavibacteria	3.95134303721	0.556442467156	0.815334012146	1.0	7.91192825884e-05	9.80939126596e-05	1.42302164416e-05	7.23222680263e-05	0.000135997852789	0.0
D_0__Bacteria;D_1__Verrucomicrobia;D_2__OPB35 soil group	3.93393736805	0.55896610111	0.815334012146	1.0	0.0403682641778	0.0327538366264	0.038606577206	0.0257363956648	0.0310815531105	0.030952278961
D_0__Bacteria;D_1__Chloroflexi;D_2__JG30-KF-CM66	3.87376847291	0.567729741687	0.817901356483	1.0	0.000784198458584	0.00133549381037	0.000832467661833	0.00094535536063	0.000827513983349	0.000640132787529
D_0__Bacteria;D_1__Parcubacteria;D_2__Candidatus Magasanikbacteria	3.8640004689	0.569158160439	0.817901356483	1.0	6.97087055659e-06	7.71521594889e-06	7.1151082208e-06	5.16587628759e-06	5.39644643504e-06	2.85669403254e-05
D_0__Bacteria;D_1__Chloroflexi;D_2__Thermomicrobia	3.82125263899	0.575427567046	0.82083050005	1.0	0.00228733761649	0.00143024640528	0.00449674839554	0.00168924154604	0.0020929427175	0.00200957894922
D_0__Bacteria;D_1__TM6 (Dependentiae);D_2__uncultured bacterium	3.78932090077	0.580129573599	0.821497352396	1.0	0.000580851940518	0.000672603202455	0.000462482034352	0.000439099484446	0.00059217938305	0.00056791627886
D_0__Bacteria;D_1__Planctomycetes;D_2__Pla4 lineage	3.66608022519	0.598419731946	0.836922532872	1.0	0.00130492417403	0.00131830799172	0.00153686337569	0.000573412267923	0.00145735926862	0.00131671267373
D_0__Bacteria;D_1__Armatimonadetes;D_2__Armatimonadia	3.65783760313	0.599650680769	0.836922532872	1.0	3.04574625971e-05	0.00010415541531	4.98057575456e-05	2.5829381438e-05	2.30582340134e-05	9.06845242663e-05
D_0__Bacteria;D_1__Fibrobacteres;D_2__Fibrobacteria	3.62491203378	0.604576785255	0.837770688139	1.0	0.000164361427895	0.000328964734012	6.40359739872e-05	7.74881443139e-05	0.00018801338528	0.000153648455102
D_0__Bacteria;D_1__Bacteroidetes;Other	3.57484731811	0.612093769985	0.842171570051	1.0	7.00943750666e-07	0.0	0.0	0.0	3.66039668152e-06	9.96740658048e-06
D_0__Bacteria;D_1__Fusobacteria;D_2__Fusobacteriia	3.44296526558	0.63203473407	0.857728123556	1.0	2.23092779825e-06	3.85760797445e-06	7.1151082208e-06	0.0	4.999225828e-06	0.0
D_0__Bacteria;D_1__Bacteroidetes;D_2__Sphingobacteriia	3.41062631949	0.636952019467	0.857728123556	1.0	0.0542211414929	0.0462896344119	0.0317476128812	0.038547768858	0.0611585424145	0.0593508980369
D_0__Bacteria;D_1__Verrucomicrobia;D_2__Opitutae	3.40930682618	0.637152862306	0.857728123556	1.0	0.00590680761555	0.00463598641436	0.00467462610106	0.00266042628811	0.00620969565381	0.00885302675984
D_0__Bacteria;D_1__Chloroflexi;D_2__P2-11E	3.38349123359	0.641085453173	0.857728123556	1.0	8.03806192712e-05	7.35704344947e-05	0.000903618744041	1.03317525752e-05	0.000163517726863	4.03585588429e-05
D_0__Bacteria;D_1__Acidobacteria;D_2__Subgroup 17	3.28923293455	0.655490513985	0.87099424461	1.0	0.00399544444976	0.00399787553767	0.00527941029983	0.00446331711248	0.00463376011652	0.00225661962749
D_0__Bacteria;D_1__Proteobacteria;D_2__Epsilonproteobacteria	3.25786879143	0.660297865502	0.871413509574	1.0	8.36747400267e-06	6.13086954123e-06	0.0	1.54976288628e-05	1.5330710016e-05	0.0
D_0__Bacteria;D_1__RsaHf231;D_2__uncultured bacterium	3.22770398482	0.664927027995	0.871593536696	1.0	0.0	0.0	0.0	0.0	2.29828979551e-06	0.0
D_0__Bacteria;D_1__Chlorobi;D_2__Chlorobia	3.12429627023	0.680829850987	0.88644960464	1.0	0.000818085261718	0.000763462713652	0.000547863333001	0.000573412267923	0.000966459133394	0.000834497215848
D_0__Bacteria;D_1__BJ-169;D_2__uncultured bacterium	3.06786757454	0.689523314555	0.891783486824	1.0	1.06337991301e-05	0.0	0.0	0.0	1.843551624e-06	0.0
D_0__Bacteria;D_1__SR1 (Absconditabacteria);D_2__uncultured candidate division SR1 bacterium	2.91628575222	0.712890378403	0.901722801338	1.0	1.03825075615e-05	0.0	0.0	0.0	3.03209518381e-06	0.0
D_0__Bacteria;D_1__Spirochaetae;D_2__Spirochaetes	2.90731869998	0.714272006781	0.901722801338	1.0	4.26755723711e-05	1.77036934646e-05	0.0	9.81516494643e-05	3.64845381501e-05	5.98044394829e-05
D_0__Bacteria;D_1__Microgenomates;D_2__uncultured soil bacterium	2.90051303018	0.715320482223	0.901722801338	1.0	7.00943750666e-07	7.71521594889e-06	0.0	0.0	2.43733078592e-06	0.0
D_0__Bacteria;D_1__Actinobacteria;D_2__Nitriliruptoria	2.89739648381	0.715800574258	0.901722801338	1.0	1.23716945296e-05	2.75889129355e-05	7.1151082208e-06	1.03317525752e-05	1.13257437215e-05	0.0
D_0__Bacteria;D_1__Proteobacteria;D_2__Deltaproteobacteria	2.76011611541	0.73690970262	0.922325692311	1.0	0.0661645581889	0.0639714936011	0.056878175117	0.0726167229747	0.0641718745435	0.0556672264766
D_0__Bacteria;D_1__Cyanobacteria;D_2__ML635J-21	2.59781843772	0.761696701882	0.927387444622	1.0	0.000145168964772	0.000143007378035	8.53812986496e-05	0.000196303298929	0.000182022137193	0.000216612385938
D_0__Bacteria;D_1__SBR1093;D_2__uncultured bacterium	2.5509202454	0.768807613168	0.927387444622	1.0	9.27681529347e-06	2.14580433943e-05	0.0	0.0	1.94355758181e-05	0.0
D_0__Bacteria;D_1__Actinobacteria;D_2__Acidimicrobiia	2.54292751583	0.770016679496	0.927387444622	1.0	0.0191982780993	0.0168804269126	0.0174675906821	0.0203638843257	0.0189735978849	0.0119871556787
D_0__Archaea;D_1__Euryarchaeota;D_2__Methanomicrobia	2.5	0.776495071123	0.927387444622	1.0	3.67166502666e-06	0.0	0.0	0.0	0.0	0.0
D_0__Bacteria;D_1__Candidatus Berkelbacteria;Other	2.5	0.776495071123	0.927387444622	1.0	1.98748678321e-06	0.0	0.0	0.0	0.0	0.0
D_0__Bacteria;D_1__Chlamydiae;D_2__LD1-PA32	2.5	0.776495071123	0.927387444622	1.0	3.76931775349e-06	0.0	0.0	0.0	0.0	0.0
D_0__Bacteria;D_1__Lentisphaerae;D_2__Lentisphaeria	2.5	0.776495071123	0.927387444622	1.0	1.98748678321e-06	0.0	0.0	0.0	0.0	0.0
D_0__Bacteria;D_1__Acidobacteria;D_2__Subgroup 13	2.48204500978	0.779196667388	0.927387444622	1.0	0.000123672408043	0.000304647771937	4.98057575456e-05	6.71563917387e-05	4.6268870068e-05	0.00275559030923
D_0__Archaea;D_1__Thaumarchaeota;D_2__South African Gold Mine Gp 1(SAGMCG-1)	2.3559441849	0.798016314125	0.943994908173	1.0	0.0001319824211	4.62912956934e-05	0.0	0.0	6.54825085885e-05	0.00299507110346
D_0__Bacteria;D_1__Armatimonadetes;D_2__Fimbriimonadia	2.27982054891	0.809226082907	0.951453697479	1.0	0.000465162763064	0.000569617516791	0.000398446060365	0.000506255876184	0.000437145774596	0.000645116490819
D_0__Bacteria;D_1__Chloroflexi;D_2__uncultured Bellilinea sp.	2.07407407407	0.838803474731	0.972666787798	1.0	0.0	0.0	0.0	0.0	1.72276811259e-06	0.0
D_0__Bacteria;D_1__Acidobacteria;D_2__Subgroup 5	2.07107670654	0.839225404569	0.972666787798	1.0	0.00702023340548	0.0068009771202	0.00442559731334	0.00479909907118	0.00626327249216	0.0054992976777
D_0__Bacteria;D_1__Latescibacteria;Other	2.00246305419	0.84880412051	0.972666787798	1.0	0.00148780900988	0.00238518254993	0.00054074822478	0.000831706082303	0.000839987815369	0.000506419145587
D_0__Bacteria;D_1__FBP;Ambiguous_taxa	1.98063102542	0.851818563712	0.972666787798	1.0	2.80377500266e-06	3.85760797445e-06	0.0	0.0	1.12137948016e-05	0.0
D_0__Bacteria;D_1__BRC1;D_2__uncultured bacterium	1.97686488388	0.852336875905	0.972666787798	1.0	0.000247194189495	0.000151032368118	0.000398446060365	0.000185971546353	0.000280545774058	0.000220260809813
D_0__Bacteria;D_1__Nitrospirae;D_2__Nitrospira	1.86497185081	0.867495468145	0.984176145147	1.0	0.0158240449957	0.0173412259413	0.014792309991	0.0192067280373	0.0174159769585	0.00986498156406
D_0__Bacteria;D_1__Actinobacteria;D_2__Thermoleophilia	1.76284306826	0.880889421566	0.993561324325	1.0	0.0721151450602	0.0799926554544	0.0756264852788	0.0662936903987	0.0630470900995	0.061049454316
D_0__Bacteria;D_1__Actinobacteria;D_2__Actinobacteria	1.40499648135	0.923765932095	1.0	1.0	0.0372447452199	0.0342589524221	0.0308582243536	0.0372511339098	0.0468259750232	0.0386829775734
D_0__Bacteria;D_1__Cyanobacteria;D_2__Melainabacteria	1.2822836031	0.936744081467	1.0	1.0	0.000683136168137	0.000541409055587	0.0007186259303	0.000490758247321	0.000715391789323	0.000617753311763
D_0__Bacteria;D_1__Aminicenantes;D_2__uncultured bacterium	1.0	0.962565773247	1.0	1.0	0.0	0.0	0.0	0.0	7.50658890841e-07	0.0
D_0__Bacteria;D_1__FBP;D_2__uncultured soil bacterium	1.0	0.962565773247	1.0	1.0	0.0	0.0	0.0	0.0	5.42279940089e-07	0.0
D_0__Bacteria;D_1__Gracilibacteria;Other	1.0	0.962565773247	1.0	1.0	0.0	0.0	0.0	0.0	3.40056707857e-07	0.0
D_0__Bacteria;D_1__Parcubacteria;D_2__Candidatus Moranbacteria	1.0	0.962565773247	1.0	1.0	0.0	0.0	0.0	0.0	4.74252364859e-07	0.0
D_0__Bacteria;D_1__SR1 (Absconditabacteria);D_2__uncultured bacterium	1.0	0.962565773247	1.0	1.0	0.0	0.0	0.0	0.0	1.11426075484e-06	0.0
D_0__Bacteria;D_1__Hydrogenedentes;D_2__uncultured organism	0.896584440228	0.970468421488	1.0	1.0	1.83583251333e-06	0.0	0.0	0.0	2.3758577385e-06	0.0
D_0__Bacteria;D_1__Microgenomates;Other	0.896584440228	0.970468421488	1.0	1.0	1.40188750133e-06	0.0	0.0	0.0	1.76467329589e-06	0.0
D_0__Archaea;D_1__Thaumarchaeota;D_2__Marine Group I	nan	nan	1.0	nan	0.0	0.0	0.0	0.0	0.0	0.0
D_0__Bacteria;D_1__Acidobacteria;Other	nan	nan	1.0	nan	0.0	0.0	0.0	0.0	0.0	0.0
D_0__Bacteria;D_1__Hydrogenedentes;Other	nan	nan	1.0	nan	0.0	0.0	0.0	0.0	0.0	0.0
D_0__Bacteria;D_1__Latescibacteria;D_2__uncultured Latescibacteria bacterium	nan	nan	1.0	nan	0.0	0.0	0.0	0.0	0.0	0.0
D_0__Bacteria;D_1__Microgenomates;D_2__Candidatus Curtissbacteria	nan	nan	1.0	nan	0.0	0.0	0.0	0.0	0.0	0.0
D_0__Bacteria;D_1__Microgenomates;D_2__Candidatus Daviesbacteria	nan	nan	1.0	nan	0.0	0.0	0.0	0.0	0.0	0.0
D_0__Bacteria;D_1__Microgenomates;D_2__Candidatus Pacebacteria	nan	nan	1.0	nan	0.0	0.0	0.0	0.0	0.0	0.0
D_0__Bacteria;D_1__Nitrospinae;D_2__Belgica2005-10-ZG-3	nan	nan	1.0	nan	0.0	0.0	0.0	0.0	0.0	0.0
D_0__Bacteria;D_1__Parcubacteria;D_2__Candidatus Adlerbacteria	nan	nan	1.0	nan	0.0	0.0	0.0	0.0	0.0	0.0
D_0__Bacteria;D_1__Parcubacteria;D_2__Candidatus Kuenenbacteria	nan	nan	1.0	nan	0.0	0.0	0.0	0.0	0.0	0.0
D_0__Bacteria;D_1__Parcubacteria;Other	nan	nan	1.0	nan	0.0	0.0	0.0	0.0	0.0	0.0
D_0__Bacteria;D_1__Peregrinibacteria;D_2__uncultured bacterium	nan	nan	1.0	nan	0.0	0.0	0.0	0.0	0.0	0.0
D_0__Bacteria;D_1__Saccharibacteria;D_2__uncultured Candidatus Saccharibacteria bacterium	nan	nan	1.0	nan	0.0	0.0	0.0	0.0	0.0	0.0