OTU	Test-Statistic	P	FDR_P	Bonferroni_P	8.5_mean	5.5_mean	5.6_mean	5.7_mean	3.16_mean	6.5_mean	5_mean	9_mean	8_mean	9.0_mean
D_0__Bacteria;D_1__Saccharibacteria	15.9993842365	0.0668944476398	0.703595391596	1.0	5.31994051595e-05	0.000156344518279	0.000117493280853	1.30091454292e-05	0.000426329999961	0.000198232524787	0.000152828606302	0.000125573135628	0.000151723628679	0.000417279546
D_0__Bacteria;D_1__Parcubacteria	15.4532019704	0.079216085272	0.703595391596	1.0	0.000112082467331	3.62798345799e-05	2.93733202133e-05	3.90274362877e-05	0.0001639568214	8.97523813914e-05	4.65364773536e-05	6.3801922645e-05	0.000235234739453	0.0001251838638
Unassigned;Other	14.993226601	0.0911221983483	0.703595391596	1.0	0.000192517122184	0.000369210431967	0.000190926581386	0.00050735667174	0.000205703862385	0.000364128858488	0.000294638080202	0.000364821519952	0.000148712145449	3.129596595e-05
D_0__Bacteria;D_1__SR1 (Absconditabacteria)	14.822410148	0.0959310013674	0.703595391596	1.0	1.39044381121e-05	1.86918333511e-06	0.0	1.30091454292e-05	3.08894481265e-05	4.76079390999e-06	0.0	8.25939298257e-06	0.0	3.129596595e-05
D_0__Bacteria;D_1__Proteobacteria	14.3115763547	0.11166551214	0.703595391596	1.0	0.285684772693	0.271291338344	0.25898456432	0.26261561878	0.327168221579	0.267304860586	0.226667850173	0.283995653116	0.331894451203	0.29726994857
D_0__Bacteria;D_1__WS2	14.0660016978	0.119996713593	0.703595391596	1.0	2.37170274027e-06	1.50318063535e-05	8.81199606398e-05	1.30091454292e-05	6.64493772032e-06	7.6502491321e-06	2.17553122949e-05	1.18528443031e-05	4.34392626341e-05	0.0
D_0__Bacteria;D_1__Fibrobacteres	12.9334975369	0.16563859026	0.703595391596	1.0	0.000148484547534	0.00020109842296	2.93733202133e-05	0.000299210344872	0.000133631604537	0.000455286645676	0.000259865126077	0.000155179312412	7.29077083826e-05	5.215994325e-05
D_0__Bacteria;D_1__FCPU426	12.7303102625	0.175193933309	0.703595391596	1.0	1.39044381121e-05	7.28981500693e-05	0.0	0.0	0.000171075686938	0.0	0.000190951594735	0.0	0.000124053644724	7.302392055e-05
D_0__Bacteria;D_1__Deferribacteres	11.9329251513	0.217117138195	0.703595391596	1.0	0.000163881706861	0.000122575626685	0.0	0.000104073163434	3.63991846583e-05	0.000189865197631	8.33729483525e-05	0.000348365022589	3.47912173062e-05	0.0
D_0__Bacteria;D_1__Gemmatimonadetes	11.9137931034	0.218212992948	0.703595391596	1.0	0.0387739501534	0.0249106466589	0.0324134588553	0.0181737761646	0.0422081893011	0.0294093368779	0.0177074479785	0.0383212299619	0.0282940952209	0.0464014855152
D_0__Bacteria;D_1__SBR1093	11.6986196319	0.230837787537	0.703595391596	1.0	0.0	0.0	4.40599803199e-05	0.0	0.0	1.15578208884e-05	0.0	4.02566310616e-05	0.0	0.0
D_0__Bacteria;D_1__Actinobacteria	11.5886699507	0.237503456923	0.703595391596	1.0	0.162546815583	0.1144019252	0.137320271997	0.108158035099	0.124331056373	0.154780660882	0.192807163871	0.127610077583	0.115238275189	0.09427388143
D_0__Bacteria;D_1__Omnitrophica	11.5511083744	0.239814178343	0.703595391596	1.0	0.000250834390365	9.05675244403e-05	0.000205613241493	0.000182128036009	0.000284166679698	0.00015860462358	0.000133364286948	0.000237487753401	6.01499129337e-05	0.00036511960275
D_0__Bacteria;D_1__FBP	11.4821428571	0.244101525951	0.703595391596	1.0	0.000212420133394	5.41741782473e-05	0.000161553261173	0.000117082308863	0.000152879678979	3.45085682848e-05	3.57523008908e-05	3.91370667303e-05	6.28897463477e-05	1.043198865e-05
D_0__Bacteria;D_1__BRC1	11.4593596059	0.245530637423	0.703595391596	1.0	0.000535799973719	0.000247485542646	0.000587466404265	0.0008455944529	0.000245638326805	0.00015963711524	0.000264332985013	0.000157360564503	0.00015250810503	0.0001043198865
D_0__Bacteria;D_1__TM6 (Dependentiae)	11.0381773399	0.273101152161	0.703595391596	1.0	0.000819234285377	0.00135879169206	0.000881199606398	0.000468329235453	0.000814066808931	0.000678778439187	0.000661671010262	0.000914096892483	0.00102978450777	0.0007093752282
D_0__Bacteria;D_1__Bacteroidetes	10.9636699507	0.27820740526	0.703595391596	1.0	0.110085359388	0.102885418116	0.0903229596557	0.145442245899	0.0883820909032	0.0861824538727	0.0701305621427	0.0676730870182	0.0751147902487	0.0687468052035
D_0__Bacteria;D_1__BJ-169	10.8147570366	0.288620485358	0.703595391596	1.0	0.0	5.17666669255e-06	0.0	0.0	0.0	7.6502491321e-06	0.0	1.00062021794e-05	0.0	0.0
D_0__Bacteria;D_1__Nitrospirae	10.8128078818	0.288758621013	0.703595391596	1.0	0.0131742833816	0.0147555267842	0.0129830075343	0.00859904512873	0.00974338344131	0.0199843119473	0.0137440481043	0.023319529889	0.0136270811741	0.0154706391679
D_0__Bacteria;D_1__Fusobacteria	10.7880794702	0.2905152338	0.703595391596	1.0	2.37170274027e-06	0.0	0.0	0.0	0.0	1.73367313327e-05	1.06152738764e-05	1.35316532433e-06	3.79595958062e-06	0.0
D_0__Bacteria;D_1__RBG-1 (Zixibacteria)	10.4507668712	0.315239533805	0.703595391596	1.0	1.26850527998e-05	0.0	0.0	0.0	0.0	0.0	0.0	8.24291311692e-06	0.0	0.0
D_0__Archaea;D_1__Euryarchaeota	10.4493374273	0.315347329766	0.703595391596	1.0	0.000261821755083	2.58833334627e-06	7.34333005331e-05	2.60182908585e-05	0.0	8.66836566634e-06	4.44804678827e-05	2.73656128886e-05	0.0	0.0
D_0__Bacteria;D_1__Elusimicrobia	10.3651477833	0.321740990529	0.703595391596	1.0	0.00162808914785	0.00288190320052	0.00299607866175	0.00265386566756	0.0026216197786	0.00249791753907	0.00278671505994	0.00211905040567	0.00167985830293	0.00307743665175
D_0__Bacteria;D_1__Cyanobacteria	10.3300492611	0.324432497308	0.703595391596	1.0	0.00195020196327	0.00194531499105	0.00292264536122	0.00429301799165	0.00175857258459	0.00329617415178	0.00219386137684	0.00165871047001	0.00222024734224	0.00391199574375
D_0__Archaea;D_1__Woesearchaeota (DHVEG-6)	10.1903021081	0.33530010255	0.703595391596	1.0	1.11398891581e-05	1.56404782211e-05	0.0	3.90274362877e-05	4.05054343451e-05	1.29201013092e-05	0.0	1.97130506414e-05	2.84123195818e-05	2.08639773e-05
D_0__Bacteria;D_1__Tectomicrobia	9.98091133005	0.352032763457	0.703595391596	1.0	0.0043997019104	0.00800025657995	0.00610965060436	0.00421496311907	0.000841477036983	0.00516320108615	0.00615746793825	0.00633073327681	0.00581170224284	9.388789785e-05
D_0__Bacteria;D_1__Tenericutes	9.88048916064	0.360246736236	0.703595391596	1.0	1.70151887311e-05	0.00043398623134	0.000425913143092	5.20365817169e-05	8.52235238277e-06	1.05397043542e-05	3.20058871798e-05	0.000328247495244	0.000110082827838	0.0
D_0__Bacteria;D_1__Chloroflexi	9.82512315271	0.364827240087	0.703595391596	1.0	0.0407711092595	0.0234389265113	0.0362613638033	0.0260182908585	0.0278717898743	0.0327086237189	0.0397802901922	0.0340816562387	0.0273773336458	0.0219802000855
D_0__Bacteria;D_1__Candidatus Berkelbacteria	9.33567130353	0.406883383599	0.757644921184	1.0	4.75419693606e-05	7.04585002766e-06	0.000205613241493	0.0	1.03997670452e-05	5.77891044422e-06	2.11230714636e-06	1.23090227702e-05	0.0	1.043198865e-05
D_0__Bacteria;D_1__GAL15	8.94685188299	0.44219465622	0.795950381197	1.0	1.07266196088e-05	0.0	0.0	0.0	0.0	8.15930739922e-06	1.52851696311e-05	1.76530530513e-05	1.80805670066e-05	0.0
D_0__Bacteria;D_1__Latescibacteria	8.5775862069	0.477143259854	0.825901072934	1.0	0.00943559208529	0.0142967658452	0.00469973123412	0.00351246926589	0.00337803340744	0.00864606515607	0.00727171649485	0.01371193667	0.00803194958508	0.00825170302215
D_0__Bacteria;D_1__Peregrinibacteria	8.44031406337	0.490452714436	0.825901072934	1.0	3.3311752919e-05	9.63418337393e-06	0.0	1.30091454292e-05	3.26443553334e-05	1.53004982642e-05	3.37342801083e-05	1.36932479764e-05	6.82125179054e-05	4.17279546e-05
D_0__Bacteria;D_1__Planctomycetes	8.29495073892	0.504717322348	0.825901072934	1.0	0.0518007645055	0.0509311500242	0.0486569049332	0.0582289349413	0.0419255210835	0.0501522411242	0.0590301301395	0.0528363621255	0.0506166246844	0.0476428921645
D_0__Bacteria;D_1__RsaHf231	8.06925996205	0.527181851969	0.82632986752	1.0	0.0	0.0	0.0	0.0	0.0	0.0	0.0	4.02200714214e-06	0.0	0.0
D_0__Bacteria;D_1__Armatimonadetes	7.62068965517	0.572776150242	0.82632986752	1.0	0.00119221867959	0.000916576830419	0.000837139626078	0.000754530434896	0.0012366184336	0.000613726374876	0.00118560814643	0.000951093363729	0.000998402845683	0.00211769369595
D_0__Archaea;D_1__Bathyarchaeota	7.61728395062	0.573126196981	0.82632986752	1.0	2.37170274027e-06	0.0	0.0	0.0	3.32246886016e-06	0.0	0.0	0.0	0.0	0.0
D_0__Bacteria;D_1__Gracilibacteria	7.52164143803	0.582975411846	0.82632986752	1.0	1.62761408524e-05	5.28714483605e-06	0.0	0.0	6.64493772032e-06	7.14119086499e-06	0.0	3.06543477061e-06	2.32464432942e-05	0.0
D_0__Bacteria;D_1__Microgenomates	7.33746200608	0.602029403224	0.82632986752	1.0	5.22649515056e-05	7.47673334044e-06	2.93733202133e-05	0.0	1.03997670452e-05	7.14119086499e-06	6.0885357727e-06	9.79304688284e-06	1.13878787419e-05	0.0
D_0__Bacteria;D_1__Hydrogenedentes	7.33739495798	0.602036356804	0.82632986752	1.0	0.000131603494571	7.04585002766e-06	8.81199606398e-05	0.0	5.47825381708e-05	8.15930739922e-06	1.06801563837e-05	1.53794585956e-05	2.4459464731e-05	3.129596595e-05
D_0__Bacteria;D_1__Ignavibacteriae	7.24049369748	0.612096198163	0.82632986752	1.0	4.93029621129e-05	0.000374724414498	2.93733202133e-05	0.0	5.71987187487e-05	5.44049660784e-05	3.73083350228e-05	0.000124183950686	4.7549012755e-05	0.0
D_0__Bacteria;D_1__Chlorobi	6.83004926108	0.654808482338	0.862430684055	1.0	0.000802055403849	0.00103247833107	0.000925259586717	0.00192535352353	0.00110231924711	0.00081709260771	0.000790932087772	0.00073187837072	0.000799160677346	0.0004798714779
D_0__Bacteria;D_1__Chlamydiae	6.60899014778	0.677755152677	0.871399482014	1.0	0.000124761722253	0.000250021607852	0.000264359881919	0.000260182908585	0.00017655321946	0.000210270653692	0.000176326457183	0.00027699738908	0.000235391634723	0.0003338236368
D_0__Archaea;D_1__Thaumarchaeota	6.37807881773	0.701562900911	0.881032480213	1.0	0.032377683263	0.0253900886024	0.0479225719279	0.0310138027033	0.0147701734981	0.0223004635782	0.0266173230614	0.0267934009669	0.0322058297843	0.0067599286452
D_0__Bacteria;D_1__Spirochaetae	6.14516129032	0.725306617022	0.890149029981	1.0	9.1610326316e-06	8.4327159888e-05	0.0	1.30091454292e-05	3.98696263219e-05	8.89135343631e-05	1.68078297282e-05	4.00759366139e-05	5.28717843128e-05	2.08639773e-05
D_0__Bacteria;D_1__PAUC34f	5.18518518519	0.817875562496	0.922271307376	1.0	0.0	0.0	0.0	0.0	0.0	0.0	0.0	6.90597938274e-06	0.0	0.0
D_0__Bacteria;D_1__Deinococcus-Thermus	5.08938528943	0.826447713274	0.922271307376	1.0	3.32038383637e-05	0.0	0.0	0.0	0.0	0.0	4.45212188129e-06	4.12951587079e-06	3.79595958062e-06	0.0
D_0__Bacteria;Other	5.00659509202	0.833732970691	0.922271307376	1.0	2.78497228953e-06	0.0	0.0	0.0	6.64493772032e-06	0.0	0.0	4.9232313669e-06	5.16587628759e-06	0.0
D_0__Bacteria;D_1__Verrucomicrobia	4.960591133	0.837730003104	0.922271307376	1.0	0.0931088699708	0.156835917839	0.124337264463	0.126266765536	0.116373493561	0.13751471136	0.128809588741	0.111279938048	0.106517822899	0.162478223224
D_0__Archaea;D_1__Parvarchaeota	4.80478395062	0.850982830521	0.922271307376	1.0	1.42302164416e-05	0.0	0.0	0.0	0.0	0.0	0.0	2.29907607796e-06	0.0	0.0
D_0__Bacteria;D_1__Acidobacteria	4.76908866995	0.853954914237	0.922271307376	1.0	0.137420687535	0.175087445655	0.178604473557	0.185640505275	0.178829948447	0.167247065201	0.188200412709	0.193246895339	0.185724865534	0.210684442775
D_0__Bacteria;D_1__Firmicutes	3.539408867	0.939036795327	0.994274253875	1.0	0.0114966355013	0.00706903892154	0.0102512887544	0.00948366701791	0.0143386202871	0.00856594600701	0.0135839162334	0.0119389151679	0.011098862555	0.00798047131725
D_0__Bacteria;D_1__Aminicenantes	2.5	0.980883491403	0.99939072709	1.0	0.0	0.0	0.0	0.0	0.0	0.0	0.0	1.31365305897e-06	0.0	0.0
D_0__Bacteria;D_1__Lentisphaerae	2.5	0.980883491403	0.99939072709	1.0	0.0	0.0	0.0	0.0	0.0	0.0	0.0	1.98748678321e-06	0.0	0.0
D_0__Bacteria;D_1__Nitrospinae	nan	nan	1.0	nan	0.0	0.0	0.0	0.0	0.0	0.0	0.0	0.0	0.0	0.0