OTU	Test-Statistic	P	FDR_P	Bonferroni_P	1_mean	10_mean	100_mean	3.16_mean
D_0__Bacteria;D_1__SBR1093	9.67582822086	0.0215325691408	0.62038138481	1.0	2.15464628016e-05	0.0	0.0	3.30158642827e-05
D_0__Bacteria;D_1__Fibrobacteres	8.25816326531	0.0409669476624	0.62038138481	1.0	0.000130066578102	0.000326271355966	0.000128593795273	0.000209198850386
D_0__Bacteria;D_1__Chlamydiae	7.6994018297	0.0526503589951	0.62038138481	1.0	0.000261536509073	0.000157119853244	0.000144729400763	0.000361590691174
D_0__Bacteria;D_1__TM6 (Dependentiae)	7.66354679803	0.0535018414761	0.62038138481	1.0	0.000920164669874	0.000955850513127	0.000542906330267	0.000873359271451
D_0__Bacteria;D_1__Spirochaetae	7.17504244482	0.0665229803395	0.62038138481	1.0	2.65487190731e-05	8.50941494119e-05	8.90911062019e-06	3.79148769845e-05
D_0__Bacteria;D_1__Chloroflexi	6.97561576355	0.0726790554848	0.62038138481	1.0	0.0330139171218	0.0245625279141	0.0421423506587	0.0383679011149
D_0__Bacteria;D_1__PAUC34f	6.61296296296	0.0853124117004	0.62038138481	1.0	1.23084118764e-06	0.0	0.0	1.83926086237e-05
D_0__Bacteria;D_1__Tenericutes	5.9495553085	0.114090428292	0.62038138481	1.0	0.000306913511458	2.90144266244e-05	8.35203452325e-06	5.77891044422e-06
D_0__Bacteria;D_1__Chlorobi	5.83979591837	0.119670035155	0.62038138481	1.0	0.000885981081856	0.000978641343042	0.000890685097321	0.000344679701384
D_0__Bacteria;D_1__Deferribacteres	5.7276908562	0.12563697105	0.62038138481	1.0	0.000113845818627	0.000167696845756	4.9598932761e-05	0.000781203295651
D_0__Archaea;D_1__Parvarchaeota	5.71419753086	0.126373985795	0.62038138481	1.0	2.84604328832e-06	0.0	0.0	9.19630431184e-06
D_0__Bacteria;D_1__BRC1	5.23240675581	0.155549038679	0.699970674057	1.0	0.000294552790927	0.000318793836488	0.000187458331537	8.24885621557e-05
D_0__Bacteria;Other	5.0245398773	0.170009007997	0.703903718288	1.0	5.20048890266e-06	0.0	0.0	0.0
D_0__Archaea;D_1__Thaumarchaeota	4.68191414497	0.196626677245	0.703903718288	1.0	0.0285534313139	0.0171922549139	0.0229232172246	0.0463995515346
D_0__Archaea;D_1__Euryarchaeota	4.60837565796	0.202824751676	0.703903718288	1.0	6.38211796083e-05	3.1040421145e-06	4.23681607364e-05	7.91733653904e-05
D_0__Bacteria;D_1__Gemmatimonadetes	4.5421182266	0.208564064678	0.703903718288	1.0	0.0360075985604	0.022665941298	0.0348177886636	0.0347134262674
D_0__Bacteria;D_1__Planctomycetes	3.64415904293	0.302540823097	0.763167495565	1.0	0.0496734625961	0.0588308107621	0.0456424064477	0.0546814739956
D_0__Bacteria;D_1__Omnitrophica	3.51829697396	0.318396806683	0.763167495565	1.0	0.000191304576796	0.000133764874984	0.000268485826056	0.00031028441537
D_0__Bacteria;D_1__Verrucomicrobia	3.50767065447	0.31976862452	0.763167495565	1.0	0.127439732234	0.131431722745	0.093529343941	0.0999223033571
D_0__Bacteria;D_1__Nitrospirae	3.33930330753	0.342209711492	0.763167495565	1.0	0.0164149347151	0.0141476701581	0.0150670013739	0.0266508865476
D_0__Bacteria;D_1__GAL15	3.25497766356	0.353958232407	0.763167495565	1.0	9.51996593751e-06	5.18940732249e-06	1.33563656439e-05	2.72369538385e-05
D_0__Bacteria;D_1__Parcubacteria	3.22107670654	0.358779209768	0.763167495565	1.0	8.5895510908e-05	6.62380953167e-05	0.000120338910151	0.000121811275528
D_0__Bacteria;D_1__Actinobacteria	3.0818085855	0.379183083458	0.763167495565	1.0	0.131789811058	0.12349552815	0.185306591949	0.146598248789
D_0__Bacteria;D_1__Firmicutes	3.07864180155	0.379658372	0.763167495565	1.0	0.0115684501835	0.00847775903373	0.0126354565083	0.0160960112993
D_0__Bacteria;D_1__RBG-1 (Zixibacteria)	3.02040315513	0.388490096154	0.763167495565	1.0	3.5421619609e-06	1.13570673326e-06	0.0	2.14580433943e-05
D_0__Bacteria;D_1__Lentisphaerae	3.0	0.391625176271	0.763167495565	1.0	0.0	2.27141346653e-06	0.0	0.0
D_0__Bacteria;D_1__Gracilibacteria	2.95933234221	0.397937922928	0.763167495565	1.0	5.85153496078e-06	8.2324163047e-06	0.0	1.22617390825e-05
D_0__Bacteria;D_1__Saccharibacteria	2.95348346235	0.398852855643	0.763167495565	1.0	0.000155163521741	0.000164860441447	0.000276680467392	9.1508886919e-05
D_0__Bacteria;D_1__Elusimicrobia	2.80137227305	0.423274066297	0.763167495565	1.0	0.0023520170423	0.0027387073715	0.00215210527136	0.00175870210533
D_0__Bacteria;D_1__Deinococcus-Thermus	2.73262081784	0.434712162301	0.763167495565	1.0	8.94057944517e-06	0.0	4.45212188129e-06	3.06543477061e-06
D_0__Bacteria;D_1__Bacteroidetes	2.71245601689	0.43811467338	0.763167495565	1.0	0.0798870840687	0.106857271635	0.0688419019225	0.0656986393866
D_0__Bacteria;D_1__Peregrinibacteria	2.40883824347	0.491991507057	0.815937065457	1.0	2.75240331762e-05	1.48961534893e-05	3.95487122484e-05	8.84434521484e-06
D_0__Bacteria;D_1__Armatimonadetes	2.35052779733	0.5029102872	0.815937065457	1.0	0.00105129383299	0.00105416738053	0.00120629864045	0.000673634902028
D_0__Bacteria;D_1__Microgenomates	2.29365175858	0.513738152325	0.815937065457	1.0	1.83730584197e-05	9.11934923294e-06	1.00307530822e-05	0.0
D_0__Bacteria;D_1__BJ-169	2.07131097792	0.557738516223	0.860510853601	1.0	6.37197450083e-06	1.36022683143e-06	0.0	2.88945522211e-06
D_0__Archaea;D_1__Bathyarchaeota	1.7975308642	0.615472394791	0.893639629639	1.0	1.13883432009e-06	0.0	0.0	0.0
D_0__Bacteria;D_1__Fusobacteria	1.75657521287	0.624429931123	0.893639629639	1.0	1.70215666511e-06	3.51623901711e-06	4.46185559651e-06	1.73367313327e-05
D_0__Bacteria;D_1__Cyanobacteria	1.66977480647	0.643674320562	0.893639629639	1.0	0.00219227847984	0.00245834313725	0.00164346965261	0.0022507211
D_0__Bacteria;D_1__SR1 (Absconditabacteria)	1.62784657203	0.653092408177	0.893639629639	1.0	9.34677614027e-06	8.1318978627e-06	1.56915311595e-05	0.0
D_0__Bacteria;D_1__WS2	1.58869755033	0.661955281214	0.893639629639	1.0	1.97796483171e-05	1.32023231983e-05	1.56018940149e-05	2.88945522211e-06
D_0__Bacteria;D_1__Candidatus Berkelbacteria	1.40987473764	0.703221679025	0.921004847609	1.0	2.90887671559e-05	6.32396031075e-06	7.79982528391e-06	8.84434521484e-06
D_0__Bacteria;D_1__Acidobacteria	1.24834623505	0.741433746555	0.921004847609	1.0	0.180126439003	0.180233117208	0.180425441404	0.184217085214
D_0__Bacteria;D_1__Hydrogenedentes	1.2212755102	0.747906218399	0.921004847609	1.0	2.5585031228e-05	5.17286854919e-05	4.33178314263e-05	5.77891044422e-06
D_0__Bacteria;D_1__FBP	1.21066150598	0.750448394348	0.921004847609	1.0	6.30698984395e-05	0.000112419227978	0.000100108243376	3.24879256372e-05
D_0__Bacteria;D_1__FCPU426	1.07158199795	0.783938348443	0.937478851136	1.0	4.75689587956e-05	0.000113041353834	8.84371388817e-05	0.0
D_0__Bacteria;D_1__RsaHf231	0.884629981025	0.82913527487	0.937478851136	1.0	1.25979939474e-06	1.89700945944e-06	0.0	0.0
D_0__Bacteria;D_1__Aminicenantes	0.866666666667	0.833463531474	0.937478851136	1.0	7.00614964785e-07	0.0	0.0	0.0
D_0__Bacteria;D_1__Ignavibacteriae	0.689432773109	0.875686608379	0.937478851136	1.0	6.33003902754e-05	0.000196038833557	6.96458383525e-05	0.000109651733548
D_0__Bacteria;D_1__Proteobacteria	0.687086558761	0.876237035879	0.937478851136	1.0	0.281974362681	0.284340165818	0.278017862774	0.258135163339
D_0__Bacteria;D_1__Tectomicrobia	0.645953553835	0.885836380296	0.937478851136	1.0	0.00502572822592	0.00545043193693	0.00484445590988	0.00722579112095
Unassigned;Other	0.641203377903	0.886938347737	0.937478851136	1.0	0.000288948404731	0.000320745447373	0.000251294636426	0.000285028604354
D_0__Bacteria;D_1__Latescibacteria	0.572237860662	0.902757412205	0.937478851136	1.0	0.00881133700082	0.0117958121048	0.00744605914058	0.0127042450248
D_0__Archaea;D_1__Woesearchaeota (DHVEG-6)	0.341546487954	0.95203434372	0.969997255866	1.0	1.98909902151e-05	1.20690045919e-05	2.53953724686e-05	8.84434521484e-06
D_0__Bacteria;D_1__Nitrospinae	nan	nan	1.0	nan	0.0	0.0	0.0	0.0