OTU	Test-Statistic	P	FDR_P	Bonferroni_P	1_mean	10_mean	100_mean	3.16_mean	31.6_mean
D_0__Bacteria;D_1__PAUC34f	20.25	0.000445726433497	0.0240692274088	0.0240692274088	0.0	0.0	0.0	3.67852172474e-05	9.23130890729e-06
D_0__Bacteria;D_1__Elusimicrobia	15.2111189303	0.00428278824953	0.115635282737	0.231270565474	0.00284287860314	0.00240740934387	0.0014531000465	0.00177795216696	0.00303419036886
D_0__Archaea;D_1__Parvarchaeota	13.6507936508	0.00849716774276	0.15294901937	0.458847058109	0.0	0.0	6.09866418925e-06	1.83926086237e-05	0.0
D_0__Bacteria;D_1__Microgenomates	11.216977855	0.0242307230433	0.278858394263	1.0	9.92997456287e-06	2.4990749961e-06	3.5057169789e-05	0.0	0.0
D_0__Bacteria;D_1__Deinococcus-Thermus	11.0670946817	0.025820221691	0.278858394263	1.0	1.4840406271e-06	0.0	1.91583845254e-05	6.13086954123e-06	0.0
D_0__Bacteria;D_1__Parcubacteria	10.1520056298	0.037943549361	0.341491944249	1.0	6.05463165526e-05	6.78706825659e-05	0.000145506494746	0.000116486521283	0.000104132821983
D_0__Bacteria;D_1__Hydrogenedentes	8.48476890756	0.0753502519248	0.467514178372	1.0	2.47612855856e-05	5.46447237289e-06	8.13553123204e-05	0.0	1.5647982975e-05
D_0__Bacteria;D_1__Gracilibacteria	7.96516421138	0.0928626412066	0.467514178372	1.0	1.1901984775e-06	5.96604127818e-06	1.36173298779e-05	2.45234781649e-05	0.0
D_0__Bacteria;D_1__RBG-1 (Zixibacteria)	7.94737072743	0.0935252078337	0.467514178372	1.0	1.25643925116e-06	4.10996347833e-06	3.04933209463e-06	4.29160867886e-05	0.0
D_0__Bacteria;D_1__Verrucomicrobia	7.78905700211	0.0996181848467	0.467514178372	1.0	0.134170971298	0.113341521203	0.0916494206026	0.0937900422417	0.190071627974
D_0__Bacteria;D_1__Deferribacteres	7.72666876327	0.10211965222	0.467514178372	1.0	0.000100744310417	0.000246326024659	9.89215020581e-05	0.00124456651687	9.23130890729e-06
D_0__Bacteria;D_1__Proteobacteria	7.6833216045	0.103892039638	0.467514178372	1.0	0.256396923995	0.293824301801	0.313861980735	0.250550245541	0.280522684644
Unassigned;Other	7.34535538353	0.118724997824	0.493165375578	1.0	0.00032971545294	0.000368053219882	0.000204703530208	0.000165533477613	0.000195658506667
D_0__Bacteria;D_1__Firmicutes	6.70038705137	0.152594196308	0.580965676275	1.0	0.0116523851282	0.00744994911688	0.0137457536521	0.0192877155767	0.00778430361952
D_0__Bacteria;D_1__SR1 (Absconditabacteria)	6.54839927514	0.161766268599	0.580965676275	1.0	6.27539644373e-06	8.30346984426e-06	8.18756641489e-06	0.0	3.87262552432e-05
D_0__Bacteria;D_1__Gemmatimonadetes	6.09834623505	0.191923115787	0.580965676275	1.0	0.0257454155303	0.0326325531438	0.0428434959685	0.0333028833479	0.034762957164
D_0__Bacteria;D_1__WS2	5.96925782197	0.201455911195	0.580965676275	1.0	2.23736493759e-05	1.39991208423e-05	1.49741365834e-05	0.0	0.0
D_0__Bacteria;D_1__Spirochaetae	5.75788260975	0.217974096196	0.580965676275	1.0	2.27504348547e-05	0.000100916485261	2.50376520582e-05	1.22617390825e-05	1.96632975573e-05
D_0__Bacteria;D_1__Tectomicrobia	5.59447572132	0.231548960123	0.580965676275	1.0	0.00571131420038	0.00606172418499	0.00399482808301	0.0103427769161	0.00207783190853
D_0__Bacteria;D_1__Cyanobacteria	5.48944405348	0.240658915174	0.580965676275	1.0	0.00225587475397	0.00247204634023	0.00181388178856	0.0006989191277	0.00293451661605
D_0__Bacteria;D_1__Ignavibacteriae	5.35957382953	0.252351564155	0.580965676275	1.0	6.23986210758e-05	0.000233520952211	6.76525025773e-05	0.000196187825319	0.0
D_0__Archaea;D_1__Thaumarchaeota	5.26477832512	0.2611922483	0.580965676275	1.0	0.0271418749067	0.020552570684	0.0281320423903	0.0634422380126	0.0118773841718
D_0__Bacteria;D_1__Nitrospirae	5.17698803659	0.269614694308	0.580965676275	1.0	0.0140092472128	0.0195848470293	0.0154788727162	0.031457491616	0.016698920533
D_0__Bacteria;D_1__BRC1	5.1539408867	0.271863753052	0.580965676275	1.0	0.000319071071425	0.000189674969073	0.000317991240145	5.5177825871e-05	0.000158319995684
D_0__Bacteria;D_1__Planctomycetes	5.06386347643	0.280807251615	0.580965676275	1.0	0.0522591917868	0.0560525561174	0.0475084265214	0.0643741301829	0.0442457170396
D_0__Bacteria;D_1__GAL15	4.95015131137	0.292450632163	0.580965676275	1.0	6.74822862069e-06	1.00787354821e-05	1.46653524918e-05	4.29160867886e-05	0.0
D_0__Bacteria;D_1__Chlorobi	4.89373680507	0.298375567273	0.580965676275	1.0	0.00100686802732	0.00077313199216	0.000863971931921	0.000331066955226	0.000646113330871
D_0__Bacteria;D_1__SBR1093	4.86678352323	0.301241461772	0.580965676275	1.0	6.18454352898e-06	3.85260696282e-06	3.55689170966e-05	4.29160867886e-05	0.0
D_0__Archaea;D_1__Euryarchaeota	4.20392002955	0.37911115185	0.705931110342	1.0	2.37615385801e-05	1.62425220829e-05	0.000111894538249	0.000141009999448	0.0
D_0__Archaea;D_1__Woesearchaeota (DHVEG-6)	4.00692971666	0.405068826908	0.729123888435	1.0	1.40218449387e-05	2.25188253228e-05	1.92604131432e-05	6.13086954123e-06	2.88946064646e-05
D_0__Bacteria;D_1__TM6 (Dependentiae)	3.77586206897	0.437188558152	0.750577216147	1.0	0.000757755790195	0.00111130051614	0.000807517873849	0.000931892170267	0.00103318881879
D_0__Bacteria;D_1__Lentisphaerae	3.66666666667	0.452992613892	0.750577216147	1.0	0.0	2.64998237762e-06	0.0	0.0	0.0
D_0__Bacteria;D_1__Latescibacteria	3.61294862773	0.460913305627	0.750577216147	1.0	0.00800197895681	0.0152598603561	0.00676247120286	0.019404202098	0.00780452811063
D_0__Bacteria;D_1__Bacteroidetes	3.53448275862	0.472654572828	0.750577216147	1.0	0.0850507765212	0.0848660352479	0.092916005855	0.0395992863668	0.0666275959238
D_0__Bacteria;D_1__Tenericutes	3.3416779163	0.502355964193	0.750577216147	1.0	0.000341066067836	1.88740802824e-05	7.37848566854e-05	0.0	6.4619162351e-05
D_0__Bacteria;D_1__FBP	3.33831808586	0.502884083709	0.750577216147	1.0	6.65982426883e-05	5.71559277431e-05	0.000139309343878	2.45234781649e-05	2.82942665932e-05
D_0__Bacteria;D_1__Candidatus Berkelbacteria	3.17449649444	0.529060022688	0.750577216147	1.0	1.96000016801e-05	1.62509692816e-05	2.4426745447e-05	6.13086954123e-06	9.83164877864e-06
D_0__Bacteria;D_1__Chlamydiae	3.11875439831	0.538152526852	0.750577216147	1.0	0.000233214437747	0.000205569473544	0.000188674474371	0.000416899128803	0.000277687525287
D_0__Bacteria;D_1__Fibrobacteres	3.09482758621	0.542083544995	0.750577216147	1.0	0.000220146693586	0.000210615913806	0.000103926695286	0.000141009999448	0.00019685918641
D_0__Bacteria;D_1__Aminicenantes	3.0	0.557825400371	0.753064290501	1.0	0.0	0.0	1.50131778168e-06	0.0	0.0
D_0__Bacteria;D_1__Actinobacteria	2.81456720619	0.589320779205	0.776178587246	1.0	0.15327372081	0.121922153105	0.133274606452	0.11773721867	0.127130848051
D_0__Bacteria;Other	2.66134969325	0.6159946582	0.78429498047	1.0	2.51287850232e-06	4.71495500492e-06	1.4759646536e-06	0.0	4.61565445364e-06
D_0__Bacteria;D_1__Omnitrophica	2.60942997889	0.625153556219	0.78429498047	1.0	0.000170456422906	0.00015226376719	0.000233326946584	0.000441422606968	0.000233332000365
D_0__Bacteria;D_1__Saccharibacteria	2.46481351161	0.650947366921	0.78429498047	1.0	0.000179156629898	0.000191651608161	0.000134364385202	6.74395649535e-05	0.000231718045268
D_0__Archaea;D_1__Bathyarchaeota	2.45017636684	0.653579150392	0.78429498047	1.0	0.0	1.66123443008e-06	1.01644403154e-06	0.0	0.0
D_0__Bacteria;D_1__FCPU426	2.18019093079	0.702657486211	0.813171504451	1.0	0.00011135411539	2.65797508813e-05	4.14029433977e-05	0.0	3.6511960275e-05
D_0__Bacteria;D_1__Chloroflexi	2.15235749472	0.707760383503	0.813171504451	1.0	0.0328507844885	0.0322408608483	0.0333179898845	0.0390168537604	0.0262771475932
D_0__Bacteria;D_1__Peregrinibacteria	1.72327880569	0.78648478337	0.876297420281	1.0	2.00936503888e-05	1.86852516279e-05	3.77470065994e-05	6.13086954123e-06	3.47109406609e-05
D_0__Bacteria;D_1__Acidobacteria	1.66854327938	0.796423528562	0.876297420281	1.0	0.183452005852	0.186319501393	0.168250348366	0.209779963092	0.173395430652
D_0__Bacteria;D_1__Fusobacteria	1.58555210164	0.81138650026	0.876297420281	1.0	3.53842462548e-06	5.77891044422e-06	3.64747856809e-06	0.0	0.0
D_0__Bacteria;D_1__BJ-169	1.45462218345	0.834648021111	0.88374496353	1.0	7.11338932945e-06	9.63151740704e-07	1.50131778168e-06	0.0	4.61565445364e-06
D_0__Bacteria;D_1__RsaHf231	0.643467064245	0.958113171198	0.987790908904	1.0	1.13686489043e-06	2.21317770268e-06	7.50658890841e-07	0.0	0.0
D_0__Bacteria;D_1__Armatimonadetes	0.539936664321	0.969498484665	0.987790908904	1.0	0.0010308309718	0.000912652257458	0.00111572931218	0.000919630431184	0.00137271135082
D_0__Bacteria;D_1__Nitrospinae	nan	nan	1.0	nan	0.0	0.0	0.0	0.0	0.0