OTU	Test-Statistic	P	FDR_P	Bonferroni_P	1_mean	10_mean	2_mean
D_0__Bacteria;D_1__Fibrobacteres	22.0217770035	1.65208307808e-05	0.000892124862162	0.000892124862162	0.000762981116406	0.000184559680184	0.000850450901237
Unassigned;Other	15.9742160279	0.000339815405111	0.00917501593798	0.018350031876	0.00056676234389	0.000291238569892	0.00136893199538
D_0__Bacteria;D_1__Parcubacteria	14.3853658537	0.000752068666138	0.0135372359905	0.0406117079715	0.000184729313816	8.84670543749e-05	0.000810125104781
D_0__Bacteria;D_1__Acidobacteria	12.6668989547	0.00177589727391	0.0239746131978	0.0958984527911	0.291640757319	0.180488012198	0.170439774764
D_0__Bacteria;D_1__TM6 (Dependentiae)	11.0743902439	0.00393755572736	0.0387392994456	0.212628009277	0.000488705382493	0.000871848839428	0.000531812196397
D_0__Bacteria;D_1__Chloroflexi	10.7242160279	0.00469100696942	0.0387392994456	0.253314376349	0.0261017958416	0.0325875591818	0.0150000601706
D_0__Bacteria;D_1__Bacteroidetes	10.5554006969	0.00510415508488	0.0387392994456	0.275624374584	0.0608874839692	0.0840382874622	0.176108916842
D_0__Bacteria;D_1__Spirochaetae	10.3208864191	0.00573915547342	0.0387392994456	0.309914395565	0.000121659230368	3.94770010154e-05	5.79536949145e-05
D_0__Bacteria;D_1__Gemmatimonadetes	9.61215156794	0.00817989647781	0.0490793788669	0.441714409802	0.0192353282255	0.0324097705244	0.0174103555571
D_0__Bacteria;D_1__Proteobacteria	9.32195121951	0.00945723133233	0.0510690491946	0.510690491946	0.218014374284	0.28029779924	0.257428680974
D_0__Bacteria;D_1__Planctomycetes	9.04128919861	0.0108820068732	0.0534207610141	0.587628371155	0.0556368916148	0.0517446495735	0.0375361177831
D_0__Bacteria;D_1__Firmicutes	8.82086236934	0.0121499383332	0.0546747224992	0.65609666999	0.00692279111931	0.0112716040936	0.0037094345842
D_0__Bacteria;D_1__Actinobacteria	8.41737804878	0.0148658443284	0.061750430287	0.802755593731	0.0952278187028	0.138419240296	0.0970517304245
D_0__Bacteria;D_1__Chlorobi	8.21668118467	0.0164350243161	0.0633922366479	0.88749131307	0.000553146860299	0.000871153765042	0.00117031279502
D_0__Bacteria;D_1__FBP	7.87055749129	0.0195402518082	0.0703449065095	1.0	2.69624698045e-05	7.85139963292e-05	0.00098277530464
D_0__Bacteria;D_1__Nitrospirae	7.48445121951	0.0237012945551	0.0799918691234	1.0	0.0268487507237	0.0163866960866	0.0119461128579
D_0__Bacteria;D_1__Gracilibacteria	7.13962682609	0.0281611076854	0.0894529302948	1.0	6.75418610838e-06	6.06869345391e-06	1.32757747218e-05
D_0__Bacteria;D_1__Microgenomates	6.20468073593	0.0449438939617	0.131791843021	1.0	1.08153202991e-05	1.35555119019e-05	4.1761676072e-05
D_0__Bacteria;D_1__Peregrinibacteria	6.14215323059	0.0463712040259	0.131791843021	1.0	6.00984053298e-05	2.47506111247e-05	2.3972605529e-05
D_0__Bacteria;Other	5.93435613682	0.051448289228	0.138910380916	1.0	3.07353166551e-06	2.78597619785e-06	7.30993367693e-07
D_0__Bacteria;D_1__PAUC34f	5.82908927044	0.0542287192603	0.139445278098	1.0	5.10836329591e-07	1.9731369665e-06	4.74214930508e-07
D_0__Archaea;D_1__Parvarchaeota	5.3737545565	0.0680932439691	0.16713796247	1.0	1.91582402065e-06	2.18154492673e-06	1.46329373907e-05
D_0__Bacteria;D_1__Latescibacteria	4.68344947735	0.096161641419	0.225770810288	1.0	0.0171339897873	0.00964048094135	0.0105313084836
D_0__Bacteria;D_1__Deinococcus-Thermus	4.5212987013	0.104282746695	0.234636180064	1.0	2.98028901926e-07	5.64457316942e-06	6.31738090375e-05
D_0__Bacteria;D_1__Deferribacteres	4.24939245435	0.119469254268	0.258053589219	1.0	0.000372492193473	0.000165798840073	4.31011710828e-05
D_0__Bacteria;D_1__Nitrospinae	4.0	0.135335283237	0.281080972876	1.0	2.11740413029e-07	0.0	0.0
D_0__Bacteria;D_1__Cyanobacteria	3.84525261324	0.146222432463	0.292444864925	1.0	0.00150971865056	0.00218456785603	0.00500258377813
D_0__Bacteria;D_1__Lentisphaerae	3.59340659341	0.165844728854	0.319843405648	1.0	0.0	5.67853366632e-07	5.1355687437e-07
D_0__Archaea;D_1__Woesearchaeota (DHVEG-6)	3.32156505914	0.189990248928	0.352861032668	1.0	1.75425604633e-05	1.79327880598e-05	5.97306272142e-05
D_0__Bacteria;D_1__GAL15	3.23058489467	0.198832513898	0.352861032668	1.0	1.38505903592e-05	1.02508825204e-05	3.09943531489e-06
D_0__Archaea;D_1__Euryarchaeota	3.1933556336	0.202568370606	0.352861032668	1.0	4.06246841109e-05	4.66737629519e-05	1.31606431613e-06
D_0__Bacteria;D_1__BJ-169	2.77967806841	0.249115400463	0.420382238281	1.0	2.37040563462e-06	3.96000413488e-06	1.29525103031e-06
D_0__Archaea;D_1__Thaumarchaeota	2.45762195122	0.292640327385	0.478865990267	1.0	0.0287698760212	0.0261835437883	0.0153708627479
D_0__Bacteria;D_1__Armatimonadetes	2.28253484321	0.319413933042	0.494261009973	1.0	0.000870082317012	0.00104718012587	0.00253144738337
D_0__Bacteria;D_1__Omnitrophica	2.27665505226	0.320354358316	0.494261009973	1.0	0.000262973439828	0.000196444103993	0.000293414048485
D_0__Bacteria;D_1__Saccharibacteria	2.21393728223	0.330559488272	0.495839232408	1.0	9.86812253713e-05	0.000170400555701	0.000134217963949
D_0__Bacteria;D_1__Tectomicrobia	1.98397212544	0.370839448756	0.5385519167	1.0	0.00702890134223	0.00526315545817	0.00369332102125
D_0__Bacteria;D_1__Fusobacteria	1.94053852806	0.378980978419	0.5385519167	1.0	3.17610619544e-07	3.66667529099e-06	0.0
D_0__Bacteria;D_1__Tenericutes	1.63874818128	0.440707411091	0.610210261511	1.0	3.31764854429e-05	0.000173277486329	1.53844475189e-05
D_0__Bacteria;D_1__SR1 (Absconditabacteria)	1.40821953782	0.494548640923	0.643635177276	1.0	4.82633147822e-06	9.28182327789e-06	1.1676364318e-05
D_0__Bacteria;D_1__RsaHf231	1.35277492292	0.508450475546	0.643635177276	1.0	0.0	1.14914489775e-06	0.0
D_0__Bacteria;D_1__Verrucomicrobia	1.34960801394	0.509256221498	0.643635177276	1.0	0.137173259826	0.121627858043	0.162439684485
D_0__Bacteria;D_1__WS2	1.30622660451	0.520423017848	0.643635177276	1.0	8.94668433722e-06	1.63320526303e-05	2.17988188737e-05
D_0__Bacteria;D_1__Candidatus Berkelbacteria	1.29083524191	0.52444347778	0.643635177276	1.0	4.86341509689e-06	1.89102578957e-05	8.97341776683e-06
D_0__Bacteria;D_1__RBG-1 (Zixibacteria)	1.13407894737	0.567202172426	0.665206701311	1.0	6.01883623499e-06	3.71423083339e-06	2.8212883131e-07
D_0__Bacteria;D_1__FCPU426	1.1202836637	0.571128053954	0.665206701311	1.0	2.18557590782e-05	6.63775862249e-05	9.18150854783e-06
D_0__Bacteria;D_1__Elusimicrobia	1.09298780488	0.578976202993	0.665206701311	1.0	0.00279190375078	0.00237775116182	0.00297967243759
D_0__Bacteria;D_1__BRC1	1.02909407666	0.597771300792	0.672492713391	1.0	0.000189312547218	0.000270166398921	0.00404150603496
D_0__Bacteria;D_1__Chlamydiae	0.970034843206	0.615686470426	0.678511620469	1.0	0.000231518778487	0.00022589234265	0.000171066730489
D_0__Archaea;D_1__Bathyarchaeota	0.531715698869	0.766548085	0.8278719318	1.0	3.40765040233e-07	6.10089814331e-07	0.0
D_0__Bacteria;D_1__Aminicenantes	0.428571428571	0.807117747005	0.841986235501	1.0	0.0	3.75329445421e-07	0.0
D_0__Bacteria;D_1__Hydrogenedentes	0.419463880484	0.810801560112	0.841986235501	1.0	1.35530693319e-05	3.32394790521e-05	2.18364708731e-05
D_0__Bacteria;D_1__Ignavibacteriae	0.206814177284	0.901759802578	0.918774138475	1.0	9.09379668302e-05	0.000100702303912	5.09402263121e-05
D_0__Bacteria;D_1__SBR1093	0.0417535961348	0.97933961367	0.97933961367	1.0	3.44856628255e-06	1.39010239496e-05	2.17436493323e-07