OTU	Test-Statistic	P	FDR_P	Bonferroni_P	10_mean	3.16_mean	31.6_mean	1_mean	100_mean	1000_mean
D_0__Archaea;D_1__Parvarchaeota	20.25	0.00112166128846	0.0473640188711	0.0605697095766	0.0	9.19630431184e-06	4.26906493248e-05	0.0	0.0	0.0
D_0__Archaea;D_1__Bathyarchaeota	19.212962963	0.00175422292115	0.0473640188711	0.0947280377422	0.0	0.0	7.1151082208e-06	0.0	0.0	4.98370329024e-06
D_0__Bacteria;D_1__Gracilibacteria	11.4345857548	0.0434127087574	0.738677897689	1.0	0.0	1.22617390825e-05	2.13453246624e-05	4.64928865884e-05	4.11620815235e-06	9.96740658048e-06
D_0__Bacteria;D_1__FCPU426	9.67661097852	0.0849343774886	0.738677897689	1.0	3.64647963447e-05	0.00038190318947	1.42302164416e-05	5.16587628759e-06	1.93160365039e-05	0.000256613530407
D_0__Bacteria;D_1__Deinococcus-Thermus	9.01758212579	0.108364917794	0.738677897689	1.0	0.0	3.06543477061e-06	9.96115150911e-05	0.0	3.73611886511e-06	0.0
D_0__Bacteria;D_1__RBG-1 (Zixibacteria)	8.94892638037	0.11111873579	0.738677897689	1.0	2.87840226835e-06	2.14580433943e-05	2.13453246624e-05	0.0	1.19355955265e-06	0.0
D_0__Bacteria;D_1__SR1 (Absconditabacteria)	8.27695560254	0.141618144197	0.738677897689	1.0	1.03825075615e-05	0.0	1.42302164416e-05	0.0	6.10943435971e-06	3.85343469058e-05
D_0__Bacteria;D_1__Proteobacteria	8.25765306122	0.14259589324	0.738677897689	1.0	0.264849466803	0.225090729109	0.233055369772	0.270945045408	0.295486744564	0.319273173501
D_0__Bacteria;Other	8.24612182296	0.14318286918	0.738677897689	1.0	4.9232313669e-06	0.0	0.0	1.03317525752e-05	5.96779776327e-07	9.96740658048e-06
D_0__Bacteria;D_1__Firmicutes	8.05603448276	0.153174375602	0.738677897689	1.0	0.00954540318099	0.0193187385883	0.0170051086477	0.0128217049458	0.00969521135578	0.0175222197106
D_0__Bacteria;D_1__PAUC34f	7.40046296296	0.192519794885	0.738677897689	1.0	2.30782722682e-06	1.83926086237e-05	0.0	0.0	0.0	0.0
D_0__Bacteria;D_1__Saccharibacteria	7.38282899367	0.19368976681	0.738677897689	1.0	0.00018326398367	0.000137875197787	5.69208657664e-05	0.000113649278327	0.000138470365271	0.000460099018412
D_0__Bacteria;D_1__Planctomycetes	7.33611893033	0.196818599433	0.738677897689	1.0	0.0507464088752	0.0649883056982	0.0487313762042	0.0574962030809	0.0519505088259	0.0396838014057
D_0__Bacteria;D_1__GAL15	7.20847343645	0.205591832372	0.738677897689	1.0	4.86588905156e-06	2.53156513687e-05	7.1151082208e-06	3.61611340132e-05	1.10135752278e-05	0.0
D_0__Archaea;D_1__Thaumarchaeota	6.96243842365	0.223448833192	0.738677897689	1.0	0.0266680750111	0.0343211467811	0.061453189703	0.0558327909163	0.0221589548793	0.0118204917459
D_0__Bacteria;D_1__Chlamydiae	6.96164672766	0.22350835333	0.738677897689	1.0	0.000289657933092	0.000347323451482	8.53812986496e-05	0.00012914690719	0.000201320126526	0.000140032624648
D_0__Bacteria;D_1__Tectomicrobia	6.48874032372	0.261522031515	0.738677897689	1.0	0.00606977735932	0.00522539496967	0.00456078436953	0.010507392369	0.0052141061569	0.000146840539875
D_0__Bacteria;D_1__Candidatus Berkelbacteria	6.47268119502	0.262901387797	0.738677897689	1.0	3.27892479248e-05	3.06543477061e-06	9.24964068703e-05	0.0	1.20389972334e-05	0.0
D_0__Bacteria;D_1__Peregrinibacteria	6.12634995632	0.294117981785	0.738677897689	1.0	2.42721524329e-05	2.62110826173e-05	4.98057575456e-05	0.000113649278327	1.87877055544e-05	9.96740658048e-06
D_0__Bacteria;D_1__Microgenomates	6.08437907078	0.298094857884	0.738677897689	1.0	9.47556280519e-06	7.71521594889e-06	0.000120956839754	0.0	1.19544685115e-05	0.0
D_0__Archaea;D_1__Euryarchaeota	5.98486702373	0.307694209368	0.738677897689	1.0	2.68817460584e-05	7.05049997241e-05	0.0007186259303	0.0	1.65839617455e-05	0.0
D_0__Bacteria;D_1__Hydrogenedentes	5.90584483794	0.315488725133	0.738677897689	1.0	2.15630507516e-05	0.0	9.24964068703e-05	4.13270103008e-05	3.95448485121e-05	3.53748555527e-05
D_0__Bacteria;D_1__Gemmatimonadetes	5.74005981703	0.332339432433	0.738677897689	1.0	0.0306358191571	0.0223607014762	0.0625631465855	0.0197749744289	0.0313424753929	0.048266420979
D_0__Archaea;D_1__Woesearchaeota (DHVEG-6)	5.73467986512	0.332897622943	0.738677897689	1.0	2.46072474922e-05	3.06543477061e-06	0.0	5.68246391635e-05	1.41990376311e-05	2.1759025098e-05
D_0__Bacteria;D_1__Deferribacteres	5.60607162513	0.346454871082	0.738677897689	1.0	0.000158816983238	0.000626140866409	0.000199223030182	6.19905154511e-05	0.000132738312692	0.0
D_0__Bacteria;D_1__Verrucomicrobia	5.52076002815	0.355674838269	0.738677897689	1.0	0.149173945518	0.137325067258	0.110682623483	0.107052454308	0.104536877757	0.128143480077
D_0__Bacteria;D_1__Acidobacteria	5.21542927516	0.3901587767	0.738677897689	1.0	0.172025154583	0.218261222307	0.17131757574	0.196220644908	0.178077192579	0.190160871754
D_0__Bacteria;D_1__Latescibacteria	5.17637227305	0.394737065356	0.738677897689	1.0	0.0121498867355	0.0105353443715	0.00883696441023	0.0139685294817	0.00883128425322	0.00261010514672
D_0__Bacteria;D_1__Elusimicrobia	5.15974665728	0.3966973895	0.738677897689	1.0	0.00260106293482	0.00282163767868	0.00172897129765	0.00207668226761	0.0021606214721	0.00303544976025
Unassigned;Other	4.87895847994	0.430830302758	0.775494544964	1.0	0.000315229430128	0.000136773250449	0.000213453246624	0.000191137422641	0.000318742354514	0.000246157191306
D_0__Bacteria;D_1__Parcubacteria	4.74991203378	0.447157165812	0.778480324879	1.0	5.44715917194e-05	8.13889084883e-05	8.53812986496e-05	0.000113649278327	9.26302488974e-05	0.000191336455113
D_0__Bacteria;D_1__FBP	4.64039408867	0.461321674002	0.778480324879	1.0	5.53960959012e-05	3.54073869291e-05	0.000106726623312	8.78198968891e-05	8.36871181515e-05	0.000159121090914
D_0__Bacteria;D_1__Omnitrophica	4.39338494018	0.494273605484	0.796402253292	1.0	0.000180044905535	0.000259287383229	0.000483827359014	6.71563917387e-05	0.000169429419266	0.000309252640289
D_0__Bacteria;D_1__Cyanobacteria	4.25483814215	0.513338834183	0.796402253292	1.0	0.00232635442522	0.00141801697277	0.00261835982525	0.00346113711269	0.00221778255911	0.00129628892805
D_0__Bacteria;D_1__Armatimonadetes	4.19889162562	0.521150322725	0.796402253292	1.0	0.0010051341837	0.00148979654477	0.00182146770452	0.00113132690698	0.000914835774683	0.0012699407541
D_0__Bacteria;D_1__Tenericutes	4.1294369888	0.530934835528	0.796402253292	1.0	0.00022609271185	4.24336877189e-05	4.26906493248e-05	0.0	0.00020753589222	4.98370329024e-06
D_0__Bacteria;D_1__Ignavibacteriae	3.95134303721	0.556442467156	0.811627789449	1.0	7.91192825884e-05	9.80939126596e-05	1.42302164416e-05	7.23222680263e-05	0.000135997852789	0.0
D_0__Bacteria;D_1__Chloroflexi	3.81571076707	0.576242474986	0.811627789449	1.0	0.0323639196481	0.0308922280128	0.0617022184907	0.032457200715	0.0320080778924	0.0247416670902
D_0__Bacteria;D_1__Bacteroidetes	3.74841660802	0.586175625713	0.811627789449	1.0	0.0782961494036	0.0634291893744	0.0528510238641	0.0550269142155	0.0943969244338	0.0852047974056
D_0__Bacteria;D_1__Fusobacteria	3.44296526558	0.63203473407	0.820652943962	1.0	2.23092779825e-06	3.85760797445e-06	7.1151082208e-06	0.0	4.999225828e-06	0.0
D_0__Bacteria;D_1__WS2	3.30351079311	0.653304224696	0.820652943962	1.0	2.09177371855e-05	3.85760797445e-06	7.1151082208e-06	4.13270103008e-05	1.52759591809e-05	9.96740658048e-06
D_0__Bacteria;D_1__RsaHf231	3.22770398482	0.664927027995	0.820652943962	1.0	0.0	0.0	0.0	0.0	2.29828979551e-06	0.0
D_0__Bacteria;D_1__Chlorobi	3.12429627023	0.680829850987	0.820652943962	1.0	0.000818085261718	0.000763462713652	0.000547863333001	0.000573412267923	0.000966459133394	0.000834497215848
D_0__Bacteria;D_1__TM6 (Dependentiae)	3.10635116115	0.683593639689	0.820652943962	1.0	0.000908965410081	0.000867137314476	0.000989000042691	0.000981516494643	0.000828674214457	0.000916907027324
D_0__Bacteria;D_1__BJ-169	3.06786757454	0.689523314555	0.820652943962	1.0	1.06337991301e-05	0.0	0.0	0.0	1.843551624e-06	0.0
D_0__Bacteria;D_1__BRC1	2.97783251232	0.703403579616	0.820652943962	1.0	0.000247194189495	0.000151032368118	0.000725741038521	0.000191137422641	0.000280545774058	0.000220260809813
D_0__Bacteria;D_1__Spirochaetae	2.90731869998	0.714272006781	0.820652943962	1.0	4.26755723711e-05	1.77036934646e-05	0.0	9.81516494643e-05	3.64845381501e-05	5.98044394829e-05
D_0__Bacteria;D_1__SBR1093	2.5509202454	0.768807613168	0.855729262054	1.0	9.27681529347e-06	2.14580433943e-05	0.0	0.0	1.94355758181e-05	0.0
D_0__Bacteria;D_1__Lentisphaerae	2.5	0.776495071123	0.855729262054	1.0	1.98748678321e-06	0.0	0.0	0.0	0.0	0.0
D_0__Bacteria;D_1__Fibrobacteres	2.24736101337	0.813966214706	0.879083511882	1.0	0.000164361427895	0.000328964734012	0.00017787770552	7.74881443139e-05	0.00018801338528	0.000153648455102
D_0__Bacteria;D_1__Nitrospirae	1.86497185081	0.867495468145	0.91852461333	1.0	0.0158240449957	0.0173412259413	0.014792309991	0.0192067280373	0.0174159769585	0.00986498156406
D_0__Bacteria;D_1__Actinobacteria	1.46701266714	0.916844863058	0.952108127021	1.0	0.141749563979	0.140676901649	0.141234898183	0.138910413373	0.139607902417	0.112866233879
D_0__Bacteria;D_1__Aminicenantes	1.0	0.962565773247	0.98072739161	1.0	0.0	0.0	0.0	0.0	7.50658890841e-07	0.0
D_0__Bacteria;D_1__Nitrospinae	nan	nan	1.0	nan	0.0	0.0	0.0	0.0	0.0	0.0