OTU	Test-Statistic	P	FDR_P	Bonferroni_P	8.5_mean	5.5_mean	5.6_mean	5.7_mean	6.5_mean	5_mean	9_mean	8_mean	9.0_mean
D_0__Bacteria;D_1__FBP;D_2__uncultured bacterium	18.6449088146	0.0168784728978	0.83012880828	1.0	0.0	1.95415169298e-06	7.20616848022e-05	0.0	1.81085949462e-05	2.42731160921e-05	6.28880852239e-06	2.98683066647e-05	0.0
D_0__Bacteria;D_1__Planctomycetes;D_2__vadinHA49	14.3881949331	0.0721917251025	0.83012880828	1.0	0.000143801264179	0.000410228197936	0.00031707141313	0.000252445566425	0.000949431942165	0.000336388453431	0.000129111919931	0.00022859717048	0.000274225541367
D_0__Bacteria;D_1__Saccharibacteria;Other	13.2626258424	0.103127279748	0.83012880828	1.0	2.79534184235e-06	1.9888315824e-05	0.0	0.0	7.60566035089e-06	4.25476001084e-05	3.81354082228e-06	1.1696509022e-05	1.82817027578e-05
D_0__Bacteria;D_1__Fibrobacteres;D_2__Fibrobacteria	12.5365939479	0.128819942176	0.83012880828	1.0	0.000107648226789	0.000127942289841	2.88246739209e-05	0.000189334174819	0.000345151990034	0.000151769085636	8.99833567678e-05	4.67674044949e-05	0.0
D_0__Bacteria;D_1__BRC1;D_2__uncultured bacterium	12.2375087966	0.140917266641	0.83012880828	1.0	0.000420624234172	0.000266018962131	0.000547668804497	0.000643736194383	0.000170221801964	0.000277055996605	0.000147093628934	0.000204005978995	0.000228521284472
D_0__Bacteria;D_1__Verrucomicrobia;D_2__Verrucomicrobiae	12.1556122449	0.14439472891	0.83012880828	1.0	0.0036467355661	0.00559469945325	0.00435252576205	0.00804039129063	0.0068891521952	0.00404458715085	0.00339365597742	0.00316420310737	0.00167277580234
D_0__Bacteria;D_1__Latescibacteria;Ambiguous_taxa	12.0307002111	0.149839362454	0.83012880828	1.0	0.00137317582474	0.00146742788759	0.00121063630468	0.000429157462922	0.00145824333372	0.000560372118149	0.00177985013616	0.000257341830076	0.00297077669814
D_0__Bacteria;D_1__Proteobacteria;D_2__Deltaproteobacteria	11.9965693174	0.151357017047	0.83012880828	1.0	0.0511417149923	0.0675646712187	0.0635151689847	0.0585547491322	0.0783996071879	0.0568102753807	0.0711369319611	0.0689401031005	0.0508139928153
D_0__Bacteria;D_1__WS2;Other	11.773395084	0.16160441093	0.83012880828	1.0	0.0	1.45525889768e-05	8.64740217626e-05	1.26222783212e-05	2.89727424439e-06	1.15322873966e-05	8.57196010412e-06	1.81904292357e-05	0.0
D_0__Bacteria;D_1__Omnitrophica;D_2__Omnitrophica Incertae Sedis	11.5492223028	0.172477827556	0.83012880828	1.0	8.33578885999e-05	2.78071129325e-05	4.32370108813e-05	1.26222783212e-05	7.11663491137e-05	6.64217582178e-05	4.42778312807e-05	7.80388321229e-06	0.000127971919305
D_0__Bacteria;D_1__Acidobacteria;D_2__Subgroup 5	11.4992962702	0.174980680596	0.83012880828	1.0	0.00453282347074	0.00910402292058	0.0101174605462	0.0102366677185	0.00546052058476	0.00587141468533	0.00637109210711	0.00610434089571	0.00966187990749
D_0__Bacteria;D_1__Cyanobacteria;D_2__Chloroplast	11.4813511612	0.175887623129	0.83012880828	1.0	0.00108592397248	0.000243115507531	0.00113857461987	0.00314294730199	0.000966070448753	0.000995109654938	0.000742149152502	0.000651316826942	0.0032907064964
D_0__Bacteria;D_1__Nitrospirae;D_2__Nitrospira	10.9198627727	0.2062813642	0.83012880828	1.0	0.0128881443748	0.0148804648284	0.0129855156014	0.0087346165983	0.0196763487175	0.0124708368246	0.0234376028503	0.0137574293104	0.0161610252379
D_0__Bacteria;D_1__Verrucomicrobia;D_2__UA11	10.7924724297	0.213737524988	0.83012880828	1.0	1.51894035995e-05	4.92522106579e-05	8.64740217626e-05	0.00010097822657	0.000113359955783	7.46904456279e-05	5.0430109273e-05	4.15275525008e-05	1.82817027578e-05
D_0__Bacteria;D_1__Actinobacteria;D_2__Actinobacteria	10.6840253343	0.220253370705	0.83012880828	1.0	0.0688047016693	0.035135069571	0.0416948908265	0.0352414010729	0.0446455021587	0.0417688882616	0.02932072613	0.0346005354813	0.028345780126
D_0__Bacteria;D_1__Verrucomicrobia;D_2__OPB35 soil group	10.5439831105	0.228899686947	0.83012880828	1.0	0.0342754593628	0.0414905711551	0.0402248324566	0.0436352161565	0.032450056375	0.0312835462228	0.0326934067572	0.0205003786666	0.0486384701871
D_0__Bacteria;D_1__Planctomycetes;D_2__Phycisphaerae	10.5313159747	0.229694778205	0.83012880828	1.0	0.00570188614404	0.0103829574124	0.0060099445125	0.00727043231303	0.00694379865044	0.00898119668222	0.00731227260353	0.00915146850042	0.0110147259116
D_0__Bacteria;D_1__Cyanobacteria;D_2__ML635J-21	10.3641356419	0.2403925525	0.83012880828	1.0	5.95983435862e-05	0.000204692325654	0.000158535706565	0.000429157462922	0.000151206389249	0.000190293120398	0.0001048365878	0.00011960364781	8.22676624101e-05
D_0__Bacteria;D_1__Verrucomicrobia;D_2__Verrucomicrobia Incertae Sedis	10.3417414504	0.241854538351	0.83012880828	1.0	1.73261200082e-05	3.71805016058e-05	1.44123369604e-05	0.0	6.73647807757e-05	2.79671321632e-05	1.07723315396e-05	1.1677877429e-05	0.0
D_0__Bacteria;D_1__Planctomycetes;D_2__Pla4 lineage	10.130190007	0.256006967622	0.83012880828	1.0	0.00146279276768	0.00104004296231	0.000634142826259	0.00200694225308	0.00152204141162	0.00101444051757	0.0017366869509	0.000413233178392	0.000612437042386
D_0__Bacteria;D_1__Omnitrophica;D_2__uncultured bacterium	10.0010555947	0.264951834151	0.83012880828	1.0	8.18542311731e-05	2.82316508276e-05	0.000144123369604	0.000113600504891	6.77259936782e-05	7.42612013458e-05	9.58309367508e-05	3.24882326618e-05	0.000146253622062
D_0__Bacteria;D_1__TM6 (Dependentiae);D_2__uncultured bacterium	9.9328817734	0.269768391395	0.83012880828	1.0	0.00023435805037	0.000752432718925	0.000389133097932	0.000176711896497	0.000418306271949	0.000438550618178	0.000391168911421	0.000345506365921	0.000265084689988
D_0__Bacteria;D_1__Proteobacteria;D_2__JTB23	9.89434271162	0.272520162901	0.83012880828	1.0	0.00133794429736	2.54555914479e-06	0.0	6.31113916062e-05	5.25146729764e-06	6.06452172783e-05	3.36049702332e-05	7.78897793792e-05	0.0
D_0__Bacteria;D_1__Deferribacteres;D_2__Deferribacteres Incertae Sedis	9.77880533061	0.280895449293	0.83012880828	1.0	0.000157644990408	0.000105803594327	0.0	0.000113600504891	0.000169673673423	5.67252737116e-05	0.00029914883813	3.77094530629e-05	0.0
D_0__Bacteria;D_1__Acidobacteria;D_2__Subgroup 22	9.76565798733	0.281860466165	0.83012880828	1.0	0.00564148499162	0.00609747496268	0.00281040570729	0.00177974124329	0.00785623545606	0.0030818673984	0.00943528018409	0.00352055030615	0.000968930246163
D_0__Bacteria;D_1__Tenericutes;D_2__Mollicutes	9.73364067272	0.284220788442	0.83012880828	1.0	2.47881235143e-06	0.00034316021889	0.000403545434892	1.26222783212e-05	2.89727424439e-06	1.22602496451e-05	0.000287454993351	0.000136241903338	9.1408513789e-06
D_0__Bacteria;D_1__Bacteroidetes;D_2__Sphingobacteriia	9.67945109078	0.288248786852	0.83012880828	1.0	0.0721788120903	0.0698699703114	0.0562801758305	0.0857683811928	0.053013486332	0.054771938865	0.0417487612443	0.0532132232011	0.0587116884067
D_0__Bacteria;D_1__Planctomycetes;D_2__Pla3 lineage	9.64532289628	0.290806988452	0.83012880828	1.0	0.000534115962263	0.000670585082745	0.000115298695684	8.83559482487e-05	0.000612794953925	0.000178655671477	0.000665165646773	0.000309535402494	9.1408513789e-06
D_0__Bacteria;D_1__Chloroflexi;D_2__P2-11E	9.59603841537	0.29453049586	0.83012880828	1.0	0.000272776205809	3.90830338596e-06	0.000230597391367	2.52445566425e-05	0.000100861517363	6.68815404483e-05	0.000203234786685	5.20258880819e-06	0.0
D_0__Bacteria;D_1__Chloroflexi;D_2__S085	9.54090429275	0.298736889125	0.83012880828	1.0	0.00443367763522	0.00198103880728	0.00429487641421	0.00230987693279	0.00233363184193	0.00281080326427	0.00371678409867	0.00269087931538	0.00200184645198
D_0__Bacteria;D_1__Elusimicrobia;D_2__Elusimicrobia	9.16854327938	0.328278082046	0.83012880828	1.0	0.00180501272599	0.00297225900631	0.00294011673993	0.00272641211739	0.00256021783503	0.00288124426578	0.00215378624437	0.00171132210071	0.00337297415881
D_0__Bacteria;D_1__Armatimonadetes;D_2__Fimbriimonadia	9.03624208304	0.339247851809	0.83012880828	1.0	0.000250078816525	0.000280571551108	0.000201772717446	0.000290312401388	0.000115896017125	0.00041353772221	0.000306112321792	0.000425997439704	0.00024680298723
D_0__Bacteria;D_1__Planctomycetes;D_2__Planctomycetacia	8.74841660802	0.36396182614	0.83012880828	1.0	0.0459009101757	0.0344543646	0.040080709087	0.0455916692963	0.03609255915	0.0376567901629	0.0354327379259	0.0374096410837	0.0353568131336
D_0__Bacteria;D_1__Bacteroidetes;D_2__Cytophagia	8.69387755102	0.368774466232	0.83012880828	1.0	0.0209598718474	0.0212382782186	0.0262016285941	0.0526096560429	0.0182604859061	0.0196484573497	0.0175073791529	0.0132704756981	0.0118922476439
D_0__Bacteria;D_1__TM6 (Dependentiae);Ambiguous_taxa	8.59720267417	0.377405459417	0.83012880828	1.0	0.000266212657872	0.000339152108703	0.000187360380486	7.57336699274e-05	0.000124767184472	0.000187209140528	0.000376834412506	0.000177881245397	0.000137112770683
D_0__Bacteria;D_1__Proteobacteria;Other	8.5398486981	0.382586032442	0.83012880828	1.0	8.27782531941e-05	0.000133600364247	0.000172948043525	0.000265067844746	0.000108651569677	0.000127047600383	8.64073668551e-05	9.08962513997e-05	3.65634055156e-05
D_0__Bacteria;D_1__Acidobacteria;D_2__Subgroup 11	8.46762843068	0.389172496432	0.83012880828	1.0	0.00253871276867	0.00264170122804	0.00380485695756	0.002436099716	0.00314832917519	0.00159866751262	0.00418227650922	0.00220897049039	0.000557591934113
D_0__Bacteria;D_1__Latescibacteria;Other	8.39373680507	0.395983492375	0.83012880828	1.0	0.000700200401774	0.00106931010035	0.000216185054407	0.0010097822657	0.000487487211936	0.000734231290345	0.00198154645562	0.000617257788981	0.000987211948921
D_0__Bacteria;D_1__Acidobacteria;D_2__Subgroup 6	8.38221323012	0.397052206863	0.83012880828	1.0	0.0837917769845	0.0986181974555	0.0862145996973	0.104070684759	0.0979635986671	0.0998354944462	0.110784051988	0.123982788417	0.114224078831
D_0__Bacteria;D_1__Chloroflexi;D_2__Caldilineae	8.36664320901	0.39849897648	0.83012880828	1.0	0.000777918751306	0.000457511100036	0.000706204511061	0.00092142631745	0.000593777017536	0.000536544924024	0.000533528934778	0.000583701804029	0.000173676176199
D_0__Bacteria;D_1__Gemmatimonadetes;D_2__S0134 terrestrial group	8.34526741731	0.400490413009	0.83012880828	1.0	0.0012062549334	0.000767735958665	0.00178712978309	0.00127485011044	0.000474256253011	0.000990430554502	0.000949899305406	0.00115335376683	0.00016453532482
D_0__Bacteria;D_1__Chloroflexi;D_2__KD4-96	8.33427163969	0.401517149192	0.83012880828	1.0	0.0174595769046	0.00995918694397	0.0111839734813	0.00907541811297	0.0164261956863	0.0167127738043	0.0153334388902	0.0130226833695	0.00855583689065
D_0__Bacteria;D_1__Chloroflexi;D_2__JG30-KF-CM66	8.32661857847	0.402232691602	0.83012880828	1.0	0.00111000979221	0.000551439835365	0.000590905815378	0.000467024297886	0.000711663491137	0.000733635828729	0.000992489090951	0.000716032449964	0.000292507244125
D_0__Bacteria;D_1__Bacteroidetes;D_2__Flavobacteriia	8.20056298381	0.414127956624	0.83012880828	1.0	0.00667063954791	0.00944930887894	0.00566404842545	0.00742189965289	0.0128423661967	0.00536449128256	0.0056746344021	0.00457490445577	0.00310788946883
D_0__Bacteria;D_1__FCPU426;D_2__uncultured bacterium	8.19638416295	0.414525794017	0.83012880828	1.0	1.98304988114e-05	8.43960077181e-05	0.0	1.26222783212e-05	5.01604799231e-05	2.75826586681e-05	1.76924531492e-05	4.28747786852e-05	3.65634055156e-05
D_0__Bacteria;D_1__Gemmatimonadetes;D_2__AKAU4049	8.17256360078	0.41679783874	0.83012880828	1.0	0.000917863100446	0.00132222935048	0.00102327592419	0.000151467339855	0.000605924337754	0.000448642166589	0.00117735929229	0.000544850072304	0.0
D_0__Bacteria;D_1__Chloroflexi;D_2__SBR2076	8.1157635468	0.422244529267	0.83012880828	1.0	0.000220039245216	0.000331713234239	0.000172948043525	0.000542757967813	0.000185069386088	0.000237653289673	0.000219517400848	0.000270292407318	0.000283366392746
D_0__Bacteria;D_1__Tectomicrobia;D_2__Tectomicrobia Incertae Sedis	7.86004574243	0.44725947539	0.83012880828	1.0	0.000134491216631	0.000166267046692	0.000360308424011	0.000126222783212	7.58747352202e-05	9.14969917853e-05	0.000114947678469	0.000161261621461	9.1408513789e-06
D_0__Bacteria;D_1__Chlorobi;D_2__Chlorobia	7.68226600985	0.465106336044	0.83012880828	1.0	0.000408961498392	0.000875722869926	0.000807090869785	0.00179236352162	0.000714760299394	0.000624173932381	0.00064949987106	0.000427344665889	0.000210239581715
D_0__Bacteria;D_1__Saccharibacteria;D_2__uncultured bacterium	7.6336865981	0.470045039654	0.83012880828	1.0	4.59381638654e-05	0.000107439163771	5.76493478418e-05	0.0	6.55536689136e-05	9.66321083735e-05	6.0735319958e-05	9.48261403953e-05	0.000137112770683
D_0__Bacteria;D_1__Acidobacteria;D_2__Blastocatellia	7.5792575651	0.475608981788	0.83012880828	1.0	0.029678830144	0.0379278468674	0.0594364776248	0.0492647522878	0.0367424703769	0.0324867158581	0.0453976628315	0.0338691689873	0.0296803444273
D_0__Bacteria;D_1__Gemmatimonadetes;D_2__BD2-11 terrestrial group	7.5415200563	0.479485267117	0.83012880828	1.0	0.00145708719976	0.000878584914236	0.000965626576349	0.00113600504891	0.000743717899789	0.00096220512822	0.00164895649297	0.000758311017675	0.000347352352398
D_0__Bacteria;D_1__Acidobacteria;D_2__Solibacteres	7.53070021112	0.480599422878	0.83012880828	1.0	0.00284838798614	0.00392167330371	0.00366073358795	0.00642473966551	0.00326424790539	0.0065624887656	0.0032678284734	0.00383017748949	0.011965374455
D_0__Bacteria;D_1__Verrucomicrobia;D_2__S-BQ2-57 soil group	7.46103096411	0.487802613514	0.83012880828	1.0	0.0003113597827	0.000317287286934	0.000259422065288	0.000189334174819	0.000170585538541	0.000254058896823	0.000282251583824	0.000146907923256	0.0011243247196
D_0__Bacteria;D_1__Gemmatimonadetes;D_2__Longimicrobia	7.44018296974	0.489967768123	0.83012880828	1.0	9.49092090363e-05	0.000240524191341	0.000158535706565	0.000340801514673	0.000121508697325	0.000148246926541	0.000137607464962	0.000259812703329	0.00016453532482
D_0__Bacteria;D_1__Acidobacteria;D_2__Subgroup 13	7.38955173509	0.495244163689	0.83012880828	1.0	5.08957885682e-05	6.13473225037e-05	4.32370108813e-05	0.0	3.85713829456e-05	2.01268790256e-05	4.52616599665e-05	3.12155328491e-05	0.0
D_0__Bacteria;D_1__Acidobacteria;D_2__Subgroup 20	7.35774901255	0.498571310817	0.83012880828	1.0	0.000151947459571	9.78445693341e-05	0.000259422065288	2.52445566425e-05	7.37024104556e-05	6.73187817262e-05	0.000147160372012	8.84253781463e-05	4.57042568945e-05
D_0__Bacteria;D_1__Armatimonadetes;D_2__Chthonomonadetes	7.2828622393	0.50644417029	0.83012880828	1.0	8.21451942122e-05	5.56272856458e-05	7.20616848022e-05	0.0	2.40850117236e-05	0.000224930652318	3.60042039277e-05	2.5975680855e-05	0.000356493203777
D_0__Bacteria;D_1__Cyanobacteria;D_2__Melainabacteria	7.28263546798	0.506468091	0.83012880828	1.0	0.000717323115775	0.000870142534522	0.000562081141457	0.000593247081098	0.000907970856	0.000595294830745	0.000559496916102	0.000403839858287	0.000840958326859
D_0__Bacteria;D_1__Proteobacteria;D_2__Alphaproteobacteria	7.27207952146	0.507582100457	0.83012880828	1.0	0.101213911223	0.0955670205695	0.0924263169273	0.0742189965289	0.0937977452958	0.1069828432	0.0977114330643	0.13160635888	0.116463587419
D_0__Bacteria;D_1__Chlamydiae;D_2__Chlamydiae	7.26319493315	0.508520522836	0.83012880828	1.0	0.000152820348688	0.000423059423365	0.000720616848022	0.000429157462922	0.000249713713559	0.000337441051042	0.0003566270735	0.000228504012515	0.000210239581715
D_0__Bacteria;D_1__Acidobacteria;D_2__AT-s3-28	7.19607670654	0.515632968184	0.83012880828	1.0	0.000198705088978	0.000137727156628	0.000158535706565	0.00010097822657	0.000177463725737	0.00020696425818	0.000173026070778	0.000170226414928	0.000310788946883
D_0__Bacteria;D_1__Acidobacteria;D_2__Subgroup 17	7.13652357495	0.521977107678	0.83012880828	1.0	0.00395928787511	0.00385278811172	0.00249333429416	0.00276427895235	0.00558887466151	0.00408073799091	0.00497235704939	0.00302572678999	0.00249545242644
D_0__Bacteria;Other;Other	7.10263615541	0.525600639995	0.83012880828	1.0	1.3027120739e-05	1.95415169298e-06	1.44123369604e-05	0.0	1.86516761373e-05	1.36228728684e-05	2.53587630787e-05	1.30064720205e-05	9.1408513789e-06
D_0__Bacteria;D_1__Planctomycetes;D_2__BD7-11	7.09790640394	0.52610714947	0.83012880828	1.0	7.96408154091e-05	8.69828432892e-05	1.44123369604e-05	5.04891132849e-05	0.000180545391945	8.91092103013e-05	0.00011258686783	0.000129952930647	7.31268110312e-05
D_0__Bacteria;D_1__Acidobacteria;D_2__Subgroup 25	7.08031315975	0.527992833279	0.83012880828	1.0	0.00145097088678	0.000812487123492	0.00113857461987	0.000189334174819	0.000936031733325	0.000700690393511	0.00138965772624	0.0010923387022	3.65634055156e-05
D_0__Bacteria;D_1__Spirochaetae;D_2__Spirochaetes	7.06439426835	0.529701239569	0.83012880828	1.0	1.17354363235e-05	5.52908297646e-05	0.0	0.0	6.24745263805e-05	7.58479609791e-06	2.547023596e-05	5.07159250834e-05	1.82817027578e-05
D_0__Bacteria;D_1__Chloroflexi;D_2__Gitt-GS-136	6.58277621393	0.582241404098	0.83664116044	1.0	0.00399053648474	0.00183697427803	0.00344454853354	0.00159040706848	0.00319667601958	0.00351600656967	0.00335473964009	0.00181377868849	9.1408513789e-05
D_0__Bacteria;D_1__Actinobacteria;D_2__Acidimicrobiia	6.52427867699	0.588715916942	0.83664116044	1.0	0.0176540155302	0.0148317310454	0.017136268646	0.0149826443673	0.0198383990649	0.020591592166	0.0211403854902	0.0149645101918	0.0092688232982
D_0__Bacteria;D_1__Chloroflexi;D_2__Thermomicrobia	6.50606966925	0.590734472132	0.83664116044	1.0	0.00241580013391	0.00206212773759	0.00449664913166	0.00430419690754	0.00197272545	0.00244076265108	0.00198869239081	0.00186813214858	0.00249545242644
D_0__Bacteria;D_1__Gemmatimonadetes;D_2__Gemmatimonadetes	6.45672061928	0.596212104764	0.83664116044	1.0	0.0375950570973	0.0236916492527	0.0317215536499	0.016661407384	0.0294359595974	0.0274684652836	0.0370257656274	0.028145591912	0.0467554548031
D_0__Bacteria;D_1__Acidobacteria;D_2__Subgroup 2	6.44484517945	0.597531715557	0.83664116044	1.0	0.000277684988281	0.000765670846224	0.000533256467536	0.000290312401388	0.000355470532666	0.001307643382	0.000524297354111	0.000797069591435	0.00360149544329
D_0__Bacteria;D_1__Actinobacteria;D_2__Thermoleophilia	6.41836734694	0.600475886928	0.83664116044	1.0	0.0595259905949	0.0580358604848	0.0667723571377	0.0491259072263	0.0751580603383	0.0901874673472	0.0638781297212	0.0574812977236	0.0568926589823
D_0__Bacteria;D_1__Actinobacteria;D_2__Rubrobacteria	6.35828641802	0.607165707944	0.83664116044	1.0	0.000458353060153	0.000447161374216	0.000144123369604	0.00010097822657	0.000541631128486	0.000466783247159	0.000484776167132	0.000478619538761	9.1408513789e-06
Unassigned;Other;Other	6.32230823364	0.611177302941	0.83664116044	1.0	0.00029200894416	0.000532334247885	0.000129711032644	0.000454402019565	0.000552859012561	0.000376526963977	0.000369405120806	0.000283224352966	0.000182817027578
D_0__Bacteria;D_1__Verrucomicrobia;D_2__Opitutae	6.16300140746	0.62897896971	0.83664116044	1.0	0.00880119058509	0.00663000443457	0.00696115875189	0.00937835279268	0.0060730327234	0.00720364956423	0.00432806998842	0.005569696805	0.0107496412216
D_0__Bacteria;D_1__Actinobacteria;D_2__TakashiAC-B11	6.14404109589	0.631100868546	0.83664116044	1.0	0.000240209549298	0.000104483175054	0.000144123369604	2.52445566425e-05	8.76457004864e-05	0.000152545243098	0.000162700797447	4.93873304919e-05	0.0
D_0__Bacteria;D_1__Ignavibacteriae;D_2__Ignavibacteria	6.13541416567	0.63206649098	0.83664116044	1.0	5.24784360229e-05	0.000402567880101	5.76493478418e-05	0.0	9.57969657033e-05	4.74560341855e-05	0.000176742704791	4.55133362752e-05	0.0
D_0__Bacteria;D_1__Tectomicrobia;D_2__uncultured bacterium	6.12992610837	0.632680823883	0.83664116044	1.0	0.00437176766149	0.00775288033399	0.00577934712114	0.00412748501104	0.00511226421544	0.00365165089346	0.0061980880778	0.00562922547355	6.39859596523e-05
D_0__Bacteria;D_1__Actinobacteria;D_2__MB-A2-108	6.02331104856	0.644620583724	0.83664116044	1.0	0.0107028701335	0.00666040105354	0.01275491821	0.00430419690754	0.0130714578034	0.0103749247514	0.0123674624755	0.00781847199259	0.000932366840648
D_0__Bacteria;D_1__Chloroflexi;D_2__Ktedonobacteria	6.01627375088	0.645408895196	0.83664116044	1.0	5.01837395586e-05	9.343670582e-05	7.20616848022e-05	8.83559482487e-05	9.50720162235e-05	9.64355776049e-05	5.19416825531e-05	0.000127444794208	9.1408513789e-06
D_0__Bacteria;D_1__Chloroflexi;D_2__Anaerolineae	5.93842364532	0.654129362577	0.837604671593	1.0	0.00375557821451	0.00253353343452	0.00526050299056	0.00223414326286	0.00281010584585	0.00263751165213	0.00331189171704	0.00299132663186	0.00278795967056
D_0__Bacteria;D_1__Latescibacteria;D_2__uncultured bacterium	5.62737508797	0.688890723682	0.859414582021	1.0	0.00741147475482	0.0123558203317	0.00304100309865	0.002082675923	0.00700578561648	0.00446022533862	0.00981199462635	0.0072414690563	0.00447901717566
D_0__Bacteria;D_1__Firmicutes;D_2__Limnochordia	5.60669077758	0.691193049549	0.859414582021	1.0	2.76368889326e-05	4.02011695431e-05	0.0	5.04891132849e-05	2.39031434349e-05	5.08345807186e-05	2.60113766162e-05	4.9350067306e-05	1.82817027578e-05
D_0__Bacteria;D_1__Acidobacteria;D_2__Subgroup 18	5.55137227305	0.697341972951	0.859414582021	1.0	0.000959536994184	0.000482711835539	0.000432370108813	0.000504891132849	0.000762372099601	0.000417826727654	0.00125456127225	0.000761955681285	0.000182817027578
D_0__Bacteria;D_1__Chloroflexi;D_2__SAR202 clade	5.492223007	0.703901467179	0.859414582021	1.0	1.83012749328e-05	5.04584283553e-05	2.88246739209e-05	0.0	1.41251583195e-05	1.15985056136e-05	3.6682515472e-05	3.50895270659e-05	1.82817027578e-05
D_0__Bacteria;D_1__Acidobacteria;D_2__Subgroup 15	5.25519000704	0.729985317327	0.880609517759	1.0	0.00114788856117	0.000405569863471	0.00110974994595	0.000366046071316	0.000509382233171	0.000559814816717	0.000736961034991	0.00036899254193	0.00111518386823
D_0__Bacteria;D_1__Verrucomicrobia;D_2__Spartobacteria	5.18129838142	0.738034643455	0.880609517759	1.0	0.0518494466665	0.104255966208	0.0712401815954	0.0658504260019	0.0922176995363	0.0881625151358	0.0712596048288	0.0816290598883	0.10387663507
D_0__Bacteria;D_1__TM6 (Dependentiae);Other	4.92951489897	0.765082449337	0.895722965748	1.0	3.12238391923e-05	5.86245507894e-06	1.44123369604e-05	2.52445566425e-05	1.99197068083e-05	1.5694196301e-05	2.18557791457e-05	2.5994312448e-05	9.1408513789e-06
D_0__Bacteria;D_1__Acidobacteria;D_2__Acidobacteria	4.78747361013	0.780030978677	0.895722965748	1.0	0.000118485207543	0.000965002469211	0.000389133097932	0.000366046071316	0.00029733813214	0.00295571348238	0.000463035193087	0.00236544379246	0.00871123136409
D_0__Bacteria;D_1__Chloroflexi;D_2__Chloroflexia	4.73055946517	0.785947773999	0.895722965748	1.0	0.000835355963944	0.000598641566387	0.00125387331556	0.000593247081098	0.000804568229946	0.000659396879487	0.000722305094909	0.000715113750418	0.000950648543405
D_0__Bacteria;D_1__Chloroflexi;D_2__TK10	4.70408163265	0.788685202247	0.895722965748	1.0	0.00422718389897	0.00393358024029	0.00637025293651	0.00491006626696	0.0041888446496	0.00482701507411	0.00414868055016	0.00357506432196	0.00427791844532
D_0__Archaea;D_1__Thaumarchaeota;D_2__Soil Crenarchaeotic Group(SCG)	4.65869106263	0.793354626806	0.895722965748	1.0	0.0337451085724	0.0251193413504	0.0470851048498	0.0304323130325	0.0224118303568	0.0203955222209	0.0271708822823	0.0319669372973	0.00638031426247
D_0__Bacteria;D_1__Planctomycetes;D_2__OM190	4.33603096411	0.825604717411	0.908226408088	1.0	0.00589858237518	0.00776666091971	0.0045542984795	0.00694225307668	0.00793527513876	0.00746286730796	0.0103309675077	0.00561816106157	0.00342781926709
D_0__Bacteria;D_1__Proteobacteria;D_2__Betaproteobacteria	4.29767769177	0.829316966351	0.908226408088	1.0	0.0859752226039	0.0609170290354	0.0490451826764	0.0715052066898	0.0504263493029	0.0616788147416	0.0606532521231	0.0636823297822	0.09068638653
D_0__Bacteria;D_1__Firmicutes;D_2__Erysipelotrichia	4.28665775611	0.830378430252	0.908226408088	1.0	2.82165243385e-05	2.72803847008e-05	0.0	1.26222783212e-05	5.03423482118e-05	7.51059992458e-05	3.04847665042e-05	5.72098452971e-05	3.65634055156e-05
D_0__Bacteria;D_1__Bacteroidetes;D_2__Bacteroidetes VC2.1 Bac22	4.04766385749	0.852797641816	0.912841554248	1.0	4.99206336437e-05	4.4840581834e-05	2.88246739209e-05	6.31113916062e-05	4.87131046384e-05	5.8386875985e-05	3.14127215184e-05	5.84452819239e-05	5.48451082734e-05
D_0__Bacteria;D_1__Chloroflexi;D_2__Ardenticatenia	3.95433971254	0.861219401094	0.912841554248	1.0	0.000114818697875	6.8919320718e-05	8.64740217626e-05	2.52445566425e-05	9.30790360727e-05	6.46348320289e-05	0.00012232428171	5.20258880819e-05	0.0
D_0__Bacteria;D_1__Firmicutes;D_2__Bacilli	3.87684729064	0.868060201339	0.912841554248	1.0	0.00948149659687	0.00590894853222	0.00965626576349	0.00804039129063	0.00640797232884	0.0122404433113	0.00973339153114	0.00961195925622	0.00649000447902
D_0__Bacteria;D_1__Bacteroidetes;D_2__WCHB1-32	3.86178995668	0.869372908807	0.912841554248	1.0	2.07800872842e-05	2.52615537877e-05	1.44123369604e-05	0.0	7.60566035089e-06	8.92427913456e-06	1.57800152066e-05	1.82090608287e-05	0.0
D_0__Bacteria;D_1__Acidobacteria;D_2__Subgroup 9	3.71301513836	0.882043853507	0.916976283349	1.0	0.000124100888299	2.93497865112e-05	2.88246739209e-05	8.83559482487e-05	6.60942264298e-05	8.67130726351e-05	0.000151574436982	9.75205927641e-05	0.0
D_0__Bacteria;D_1__Proteobacteria;D_2__Gammaproteobacteria	3.05849753695	0.930633004275	0.949396740377	1.0	0.0432707246232	0.0458053626439	0.0500828709375	0.0586557273588	0.042834407635	0.0501844076909	0.0514257589864	0.0637434725138	0.0499821753398
D_0__Bacteria;D_1__Armatimonadetes;D_2__uncultured	3.04794159043	0.931312992941	0.949396740377	1.0	0.00029923054815	0.000267402392398	0.000389133097932	0.000214578731461	0.000251711741059	0.00026408850735	0.000303420115111	0.000219669640199	0.000292507244125
D_0__Bacteria;D_1__Firmicutes;D_2__Clostridia	2.62605559465	0.955593405001	0.955758397109	1.0	0.000683847132865	0.000399438348499	0.000547668804497	0.000340801514673	0.000905045821332	0.000737590108594	0.000654570408834	0.000562630606495	0.000621577893765
D_0__Bacteria;D_1__Acidobacteria;D_2__Holophagae	2.62280084448	0.955758397109	0.955758397109	1.0	0.00511878231904	0.00509925000595	0.00652878864308	0.0052887346166	0.00472580272343	0.00485913167001	0.00531178841867	0.00363326877029	0.00457956654083