OTU	Test-Statistic	P	FDR_P	Bonferroni_P	10_mean	50_mean	1_mean	5_mean	100_mean	1000_mean
D_0__Bacteria;D_1__Proteobacteria;D_2__JTB23	16.267614601	0.00612013924049	0.642614620251	0.642614620251	1.9658297242e-06	3.71821852714e-05	3.12155328491e-05	0.0	0.000331526839007	0.000109359817642
D_0__Bacteria;D_1__Verrucomicrobia;D_2__S-BQ2-57 soil group	13.8810696692	0.016382789712	0.721957643728	1.0	0.000422373938493	0.000565169216125	0.000239319085177	0.000472788103374	0.000201363554455	9.11441311014e-05
D_0__Bacteria;D_1__Proteobacteria;D_2__Gammaproteobacteria	11.5901653765	0.040856105945	0.721957643728	1.0	0.0425380320477	0.0300208963881	0.041662331176	0.0293867670323	0.0574011681868	0.0637121744183
D_0__Bacteria;D_1__TM6 (Dependentiae);Ambiguous_taxa	10.6517417312	0.0587392593961	0.721957643728	1.0	0.000371695196381	0.000483368408528	9.88491873556e-05	7.52593269788e-05	0.000184066124622	0.000431756849358
D_0__Bacteria;D_1__Bacteroidetes;D_2__WCHB1-32	9.31693218863	0.0970711934582	0.721957643728	1.0	1.55486760412e-05	3.71821852714e-05	3.64181216573e-05	3.73223403136e-05	8.58874158891e-06	0.0
D_0__Bacteria;D_1__Proteobacteria;Other	9.28369106263	0.0982697974684	0.721957643728	1.0	0.000106180388849	0.00010411011876	5.72284768901e-05	3.09312151637e-06	0.000122039353862	0.000188942011126
D_0__Bacteria;D_1__Planctomycetes;D_2__Planctomycetacia	8.87860661506	0.114005201875	0.721957643728	1.0	0.0355790538416	0.0404690904494	0.0403928995068	0.0471287869032	0.038315636968	0.0299939694053
D_0__Bacteria;D_1__Saccharibacteria;Other	8.72855478825	0.120393456838	0.721957643728	1.0	7.85841662766e-06	0.0	1.56077664246e-05	1.25773681827e-05	8.6415211828e-06	0.000114333704735
D_0__Bacteria;D_1__Firmicutes;D_2__Bacilli	8.59042927516	0.126558647285	0.721957643728	1.0	0.00805052309445	0.0118982992868	0.0106757122344	0.0181455418892	0.00794691303689	0.0157110164735
D_0__Bacteria;D_1__Acidobacteria;D_2__AT-s3-28	8.32019704433	0.139449520868	0.721957643728	1.0	0.000180608443335	0.000230529548683	0.000208103552328	7.8147566378e-05	0.000183994626016	0.000246108863494
D_0__Bacteria;D_1__Firmicutes;D_2__Limnochordia	8.12372238384	0.149547569191	0.721957643728	1.0	2.41125733221e-05	7.43643705428e-06	3.64181216573e-05	1.87636112154e-05	3.4860187577e-05	0.000110199748557
D_0__Bacteria;D_1__Acidobacteria;D_2__Subgroup 25	8.05524278677	0.153217253898	0.721957643728	1.0	0.00107630187654	0.00237222342031	0.00201340186877	0.0016366710464	0.000847487252178	4.97388709276e-05
D_0__Bacteria;D_1__Gemmatimonadetes;D_2__Longimicrobia	7.70161857847	0.17346482996	0.721957643728	1.0	0.000173132622075	8.18008075971e-05	0.000254926851601	9.27936454912e-06	0.000172624356697	0.000207157697667
D_0__Bacteria;D_1__Proteobacteria;D_2__Alphaproteobacteria	7.67417311752	0.175130412371	0.721957643728	1.0	0.101112534798	0.0722152402341	0.107001644018	0.0873349509136	0.102820893373	0.126275849912
D_0__Bacteria;D_1__Planctomycetes;D_2__BD7-11	7.61189303308	0.178961990987	0.721957643728	1.0	7.69604710067e-05	5.94914964342e-05	0.000166482841862	0.000118563028208	0.000115600063609	4.30851220043e-05
D_0__Bacteria;D_1__Actinobacteria;D_2__TakashiAC-B11	7.50267123288	0.185858313854	0.721957643728	1.0	0.000176965221884	0.000542859904962	6.76336545065e-05	0.000153211956119	0.000108163999696	0.0
D_0__Bacteria;D_1__Acidobacteria;D_2__Subgroup 15	7.23399014778	0.203811666185	0.721957643728	1.0	0.000644626666965	0.0021640031828	0.000411004515847	0.000527459769841	0.000557394935531	0.00111601351754
Unassigned;Other;Other	7.20548909219	0.205800902378	0.721957643728	1.0	0.000336184496349	0.000178474489303	0.000301750150875	0.000141444171526	0.000461350219657	0.000295782036022
D_0__Archaea;D_1__Thaumarchaeota;D_2__Soil Crenarchaeotic Group(SCG)	7.17355735398	0.208049322208	0.721957643728	1.0	0.0265560369556	0.0638715578592	0.0560162736978	0.0335902911866	0.022228692397	0.00933296394677
D_0__Bacteria;D_1__Planctomycetes;D_2__Phycisphaerae	7.08488740324	0.214403294023	0.721957643728	1.0	0.00846511567748	0.00467008247009	0.0107901691882	0.00945230292159	0.00744025109574	0.00992871352512
D_0__Bacteria;D_1__Tectomicrobia;D_2__uncultured bacterium	6.9962174525	0.220921772835	0.721957643728	1.0	0.00592573040927	0.00445442579551	0.0101918714752	0.00483103609946	0.00507530328963	0.000102771767117
D_0__Bacteria;D_1__Acidobacteria;D_2__Subgroup 2	6.86136523575	0.23115662017	0.721957643728	1.0	0.00103262383803	0.000423876912094	0.0003173579173	0.00150099939332	0.000422015704028	0.00264782519704
D_0__Bacteria;D_1__Acidobacteria;D_2__Subgroup 20	6.83790231121	0.232977550691	0.721957643728	1.0	0.000113420948523	0.000304893919225	0.000161280253054	6.35114321442e-05	0.000108842064675	1.4081730363e-05
D_0__Bacteria;D_1__Acidobacteria;D_2__Subgroup 6	6.82309992963	0.234132532034	0.721957643728	1.0	0.0959256420376	0.104675287976	0.130486129898	0.0982561104982	0.106944129955	0.0922281716317
D_0__Bacteria;D_1__Bacteroidetes;D_2__Flavobacteriia	6.81887755102	0.234462869712	0.721957643728	1.0	0.00597407463697	0.00228298617566	0.00306952739683	0.00707014981023	0.00761369713332	0.00422978408613
D_0__Bacteria;D_1__Gemmatimonadetes;D_2__Gemmatimonadetes	6.73258268825	0.241300141752	0.721957643728	1.0	0.029627352192	0.0612613684531	0.017902108089	0.020237733208	0.0304756436948	0.0496651238446
D_0__Bacteria;D_1__Actinobacteria;D_2__Rubrobacteria	6.59509148487	0.252536633524	0.721957643728	1.0	0.000498629593924	0.000409004037985	0.000941668574283	0.000419220406527	0.000419953659554	4.97388709276e-05
D_0__Bacteria;D_1__Verrucomicrobia;D_2__Spartobacteria	6.515921886	0.259200876835	0.721957643728	1.0	0.10012291709	0.0673518104006	0.0766705512663	0.113085542033	0.0633760409062	0.0928750447903
D_0__Bacteria;D_1__Chloroflexi;D_2__Chloroflexia	6.4525862069	0.264635782989	0.721957643728	1.0	0.000805782461912	0.000639533586668	0.00122781095873	0.000820037241676	0.000703838640104	0.000362962360974
D_0__Bacteria;D_1__Cyanobacteria;D_2__Melainabacteria	6.43701618578	0.265986056216	0.721957643728	1.0	0.000580765827323	0.000691588646048	0.000254926851601	0.000424332514577	0.000744674980493	0.00057929360031
D_0__Bacteria;D_1__Acidobacteria;D_2__Solibacteres	6.37156931738	0.271723422608	0.721957643728	1.0	0.00461448939295	0.00202271087876	0.00312155328491	0.00812752397497	0.00363029196262	0.00974530839014
D_0__Bacteria;D_1__TM6 (Dependentiae);D_2__uncultured bacterium	6.31140042224	0.277086492409	0.721957643728	1.0	0.000348596993483	0.00031233035628	0.000301750150875	0.000575290767407	0.000412369103113	0.000595763726621
D_0__Bacteria;D_1__TM6 (Dependentiae);Other	6.25591634562	0.282107589611	0.721957643728	1.0	1.22286168566e-05	1.48728741086e-05	3.64181216573e-05	4.35085833464e-05	2.07503858631e-05	4.97388709276e-06
D_0__Bacteria;D_1__Acidobacteria;D_2__Subgroup 11	6.11690710767	0.295009022591	0.721957643728	1.0	0.00291561126973	0.00387438370528	0.00372505358666	0.00555234805913	0.00248223667663	0.000461468775116
D_0__Bacteria;D_1__Acidobacteria;D_2__Acidobacteria	6.11189303308	0.29548303017	0.721957643728	1.0	0.00162582016732	0.000171038052248	2.08103552328e-05	0.00248631674627	0.000645292102745	0.00761579032859
D_0__Bacteria;D_1__Bacteroidetes;D_2__Bacteroidetes VC2.1 Bac22	6.06730524813	0.299724818323	0.721957643728	1.0	4.44797342519e-05	2.23093111628e-05	4.68232992737e-05	7.83524484952e-06	5.8925673322e-05	1.98955483711e-05
D_0__Bacteria;D_1__Planctomycetes;D_2__Pla3 lineage	5.98094911937	0.308077068633	0.721957643728	1.0	0.000424459697429	0.000520550593799	0.00060350030175	0.000748740289079	0.00044473322604	0.0
D_0__Bacteria;D_1__Acidobacteria;D_2__Subgroup 9	5.68199828287	0.338401423636	0.721957643728	1.0	6.89333087379e-05	0.000171038052248	0.00017168543067	0.000244356599793	9.58175812057e-05	0.0
D_0__Bacteria;D_1__Gemmatimonadetes;D_2__BD2-11 terrestrial group	5.66432090077	0.34026365381	0.721957643728	1.0	0.000873109538905	0.00281840964357	0.000457827815121	0.000872660086972	0.00129111139123	0.00115257628742
D_0__Bacteria;D_1__Proteobacteria;D_2__Betaproteobacteria	5.59781843772	0.347338911014	0.721957643728	1.0	0.055335877984	0.0762755348657	0.0491384512934	0.0555712423267	0.0677561057428	0.0846398170385
D_0__Bacteria;D_1__Armatimonadetes;D_2__uncultured	5.59570724842	0.347565323168	0.721957643728	1.0	0.000298750147618	0.00036438541566	0.000322560506108	0.000209912554	0.000292101536417	0.000114333704735
D_0__Bacteria;D_1__Deferribacteres;D_2__Deferribacteres Incertae Sedis	5.50019655633	0.357924328217	0.721957643728	1.0	0.000154523103202	0.000171038052248	6.76336545065e-05	0.000484175958371	0.000118983691712	0.0
D_0__Bacteria;D_1__Latescibacteria;D_2__uncultured bacterium	5.46903589022	0.361353155857	0.721957643728	1.0	0.00921077243546	0.00596402251753	0.0129492435436	0.00654330662291	0.006991235475	0.00177663487156
D_0__Bacteria;D_1__Chlamydiae;D_2__Chlamydiae	5.42760380014	0.365949705154	0.721957643728	1.0	0.000433348943631	0.000126419429923	0.00011445695378	0.000298363895513	0.000274950591175	0.000552744303016
D_0__Bacteria;D_1__Bacteroidetes;D_2__Cytophagia	5.28509852217	0.382086044201	0.721957643728	1.0	0.0174435196444	0.0136012433723	0.0123873639523	0.011528103759	0.0232311032269	0.0220648615917
D_0__Bacteria;D_1__Planctomycetes;D_2__OM190	5.27691766362	0.383027731253	0.721957643728	1.0	0.00794928148959	0.0044395529214	0.00744490458452	0.00612546072193	0.00877845712594	0.00364337684811
D_0__Bacteria;D_1__Acidobacteria;D_2__Subgroup 22	5.25580577058	0.385465575953	0.721957643728	1.0	0.00764136843251	0.00207476593814	0.00570203733378	0.00613588383562	0.00556288203276	0.000762487491827
D_0__Bacteria;D_1__Firmicutes;D_2__Erysipelotrichia	5.22927313468	0.388545065111	0.721957643728	1.0	3.17451365764e-05	5.94914964342e-05	9.88491873556e-05	0.000186386929692	2.76544163011e-05	1.4081730363e-05
D_0__Bacteria;Other;Other	5.19935527655	0.392038406256	0.721957643728	1.0	2.08817567464e-05	2.23093111628e-05	2.6012944041e-05	3.09312151637e-06	1.48914974608e-05	0.0
D_0__Bacteria;D_1__Verrucomicrobia;D_2__Verrucomicrobiae	5.19853976073	0.392133940098	0.721957643728	1.0	0.0039727418172	0.00358436266016	0.00284061348927	0.00221303198843	0.00482960029564	0.00355534379534
D_0__Bacteria;D_1__FBP;D_2__uncultured bacterium	5.15848892749	0.396845966345	0.721957643728	1.0	1.42206957347e-05	0.0	2.08103552328e-05	9.48424666629e-06	1.23286608582e-05	3.39772787341e-05
D_0__Bacteria;D_1__Omnitrophica;D_2__Omnitrophica Incertae Sedis	5.14287919476	0.398693212432	0.721957643728	1.0	5.56645998157e-05	0.00015616517814	1.56077664246e-05	2.35057345485e-05	4.92516514078e-05	7.04086518151e-05
D_0__Bacteria;D_1__Chloroflexi;D_2__Gitt-GS-136	5.1162033779	0.401863936256	0.721957643728	1.0	0.00345607582261	0.00803878845568	0.00310594551849	0.00193711359772	0.00281274804592	0.00101686426768
D_0__Bacteria;D_1__Gemmatimonadetes;D_2__S0134 terrestrial group	5.07846586911	0.406379419223	0.721957643728	1.0	0.000817730243929	0.00193347363411	0.000952073751899	0.000488918081704	0.00106180661866	0.000832699048446
D_0__Bacteria;D_1__Firmicutes;D_2__Clostridia	5.05709007741	0.408952676714	0.721957643728	1.0	0.000530502195079	0.00120470280279	0.000665931367448	0.000908703410185	0.000574315919288	0.00106123506112
D_0__Bacteria;D_1__Chloroflexi;D_2__Ardenticatenia	5.04896569523	0.409933646461	0.721957643728	1.0	6.80365960879e-05	0.000126419429923	0.000104051776164	0.000259822207375	7.78408693456e-05	0.0
D_0__Bacteria;D_1__Chloroflexi;D_2__TK10	4.97712878255	0.418677804131	0.721957643728	1.0	0.0044571806705	0.00513857800451	0.00245562191747	0.00566094948646	0.00426096999459	0.00415988687324
D_0__Bacteria;D_1__Chloroflexi;D_2__Caldilineae	4.9475721323	0.42231204842	0.721957643728	1.0	0.000528302848144	0.000884936009459	0.000926060807858	0.000658395284115	0.000559496346751	0.000349720561526
D_0__Bacteria;D_1__Chlorobi;D_2__Chlorobia	4.86206896552	0.432944518873	0.721957643728	1.0	0.000630306342329	0.000386694726822	0.000379788982998	0.000340633241276	0.000792831488011	0.000461665870313
D_0__Bacteria;D_1__Chloroflexi;D_2__S085	4.8565270936	0.433639739141	0.721957643728	1.0	0.00278881104389	0.00635815368141	0.00198738892473	0.00418110663595	0.00303390959181	0.00290834428289
D_0__Bacteria;D_1__Actinobacteria;D_2__MB-A2-108	4.81140042224	0.439328193316	0.721957643728	1.0	0.0122008429173	0.0131030020896	0.013698416332	0.00872441678059	0.00994947352937	0.00113785172133
D_0__Bacteria;D_1__Chloroflexi;D_2__Ktedonobacteria	4.79239971851	0.44173786918	0.721957643728	1.0	7.11634214136e-05	8.18008075971e-05	0.000239319085177	4.35085833464e-05	7.73120746063e-05	3.81112349116e-05
D_0__Bacteria;D_1__Cyanobacteria;D_2__ML635J-21	4.73431817293	0.449156858444	0.721957643728	1.0	0.000122560867145	4.46186223257e-05	0.000192495785903	0.000128252156991	0.000165352847496	0.000193075967304
D_0__Bacteria;D_1__Chloroflexi;D_2__KD4-96	4.68156228008	0.455964367329	0.721957643728	1.0	0.0143042186458	0.0259308560083	0.014593261607	0.0124523861308	0.0149716452059	0.0100802669837
D_0__Bacteria;D_1__Latescibacteria;Ambiguous_taxa	4.62851864884	0.462874336984	0.721957643728	1.0	0.00136209621472	0.00233504123504	0.000358978627765	0.00195815080198	0.00115491688388	0.000524515143891
D_0__Bacteria;D_1__Verrucomicrobia;D_2__UA11	4.55739167416	0.472241544867	0.721957643728	1.0	5.23085859476e-05	3.71821852714e-05	5.20258880819e-06	2.98968596985e-05	6.57531946238e-05	9.69579491095e-05
D_0__Bacteria;D_1__FCPU426;D_2__uncultured bacterium	4.54458611298	0.473940223717	0.721957643728	1.0	2.40312452443e-05	5.94914964342e-05	4.68232992737e-05	3.13409793981e-05	3.51045655355e-05	1.49216612783e-05
D_0__Bacteria;D_1__Omnitrophica;D_2__uncultured bacterium	4.54301548205	0.474148825526	0.721957643728	1.0	8.3340275768e-05	0.000178474489303	4.16207104655e-05	5.93839551626e-05	7.17930328215e-05	0.000105225861464
D_0__Bacteria;D_1__Acidobacteria;D_2__Holophagae	4.54090429275	0.474429308735	0.721957643728	1.0	0.00494775921393	0.00751080142482	0.00556156743596	0.00372060151473	0.0050882919046	0.00447291326809
D_0__Bacteria;D_1__Planctomycetes;D_2__Pla4 lineage	4.48627726953	0.481721589414	0.722582384121	1.0	0.00110962486472	0.00151703315907	0.000515056292011	0.00120338937247	0.00139039989311	0.00142284605226
D_0__Bacteria;D_1__Acidobacteria;D_2__Subgroup 18	4.39866291344	0.493555378737	0.729867925	1.0	0.000889172220928	0.000520550593799	0.00133706532371	0.00161625843336	0.000633834511145	0.000189781942041
D_0__Bacteria;D_1__Armatimonadetes;D_2__Chthonomonadetes	4.34795211306	0.500480862857	0.729867925	1.0	7.49338151382e-05	0.000118982992868	2.08103552328e-05	0.000378960102417	4.69941698847e-05	0.000324719729265
D_0__Bacteria;D_1__Acidobacteria;D_2__Subgroup 13	4.18732629238	0.522772988157	0.746800200055	1.0	3.56891320986e-05	5.20550593799e-05	6.24310656983e-05	2.49498542481e-05	4.01910674321e-05	4.97388709276e-06
D_0__Bacteria;D_1__Planctomycetes;D_2__vadinHA49	4.08277621393	0.537560868276	0.746800200055	1.0	0.000297049179632	0.000141292304031	0.000192495785903	0.000382258106051	0.000279498006432	0.000430916918442
D_0__Bacteria;D_1__Verrucomicrobia;D_2__Verrucomicrobia Incertae Sedis	4.05223744846	0.541919835454	0.746800200055	1.0	2.95233967771e-05	0.0	0.0	2.37106166657e-05	2.24615814108e-05	9.94777418553e-06
D_0__Bacteria;D_1__Armatimonadetes;D_2__Fimbriimonadia	4.01099577762	0.547833914723	0.746800200055	1.0	0.000229905122622	0.000178474489303	0.000338168272532	0.000359376962733	0.000322767044757	0.000582456228774
D_0__Bacteria;D_1__Verrucomicrobia;D_2__Opitutae	4.00149542576	0.549200666197	0.746800200055	1.0	0.00607259975618	0.00500472213753	0.00271575135788	0.00569660891972	0.00670199489179	0.0100979429348
D_0__Bacteria;D_1__Chloroflexi;D_2__SAR202 clade	3.96292685174	0.554765862898	0.746800200055	1.0	3.43484879696e-05	2.97457482171e-05	4.68232992737e-05	4.02105797128e-05	1.96279186672e-05	9.94777418553e-06
D_0__Bacteria;D_1__Elusimicrobia;D_2__Elusimicrobia	3.89699155524	0.564340063	0.750072235633	1.0	0.00264095495166	0.00198552869349	0.00206022516804	0.00318805551113	0.00226510169928	0.00302623480648
D_0__Bacteria;D_1__Tectomicrobia;D_2__Tectomicrobia Incertae Sedis	3.82309992963	0.575156038764	0.754892300878	1.0	0.000136192439801	0.000215656674574	0.000306952739683	0.0001701216834	9.75395662844e-05	5.71668523674e-05
D_0__Bacteria;D_1__Acidobacteria;D_2__Blastocatellia	3.66053835327	0.599247251213	0.760593323142	1.0	0.0357054155119	0.038632290497	0.036480552723	0.0429589944597	0.0407924234972	0.0276225562831
D_0__Bacteria;D_1__Saccharibacteria;D_2__uncultured bacterium	3.63329553009	0.603321151269	0.760593323142	1.0	8.88569008762e-05	3.71821852714e-05	8.84440097392e-05	6.39211963786e-05	6.63073294698e-05	0.000122667315489
D_0__Bacteria;D_1__Gemmatimonadetes;D_2__AKAU4049	3.60352250489	0.607784481355	0.760593323142	1.0	0.000782714368468	0.00109315624698	0.000988491873556	0.00115682744712	0.000860065299683	2.90033916413e-05
D_0__Bacteria;D_1__Spirochaetae;D_2__Spirochaetes	3.59892531481	0.608474658514	0.760593323142	1.0	2.30392410388e-05	0.0	9.36465985474e-05	6.18624303274e-06	2.87368626576e-05	4.97388709276e-06
D_0__Bacteria;D_1__Chloroflexi;D_2__Thermomicrobia	3.43596059113	0.633098981773	0.775173905169	1.0	0.00250452501945	0.00417184118745	0.00189894491499	0.00153328918462	0.002260967142	0.00228978517303
D_0__Bacteria;D_1__Verrucomicrobia;D_2__OPB35 soil group	3.4240851513	0.634904341376	0.775173905169	1.0	0.0394258986459	0.0390189852238	0.0254302540944	0.0332621639392	0.0313067856513	0.0307769012863
D_0__Bacteria;D_1__Acidobacteria;D_2__Subgroup 17	3.27445460943	0.657754882039	0.793842099013	1.0	0.00392631578353	0.0053839804273	0.00422970470106	0.00360132835173	0.00453756329899	0.00250488229106
D_0__Bacteria;D_1__Bacteroidetes;D_2__Sphingobacteriia	3.05040464462	0.692214975004	0.824289903542	1.0	0.0541568676957	0.0300283328252	0.0389049591077	0.052348959709	0.0592309652368	0.0603170037395
D_0__Bacteria;D_1__Latescibacteria;Other	3.00844475721	0.698683823002	0.824289903542	1.0	0.00148525238885	0.000624660712559	0.00077518573242	0.00240474981352	0.000824509734571	0.000544344993863
D_0__Bacteria;D_1__WS2;Other	2.78685156515	0.732806169901	0.854940531551	1.0	2.18024279005e-05	0.0	2.08103552328e-05	4.74212333314e-06	8.54066909249e-06	4.97388709276e-06
D_0__Bacteria;D_1__Chloroflexi;D_2__SBR2076	2.60705489092	0.760293073878	0.865056312795	1.0	0.000255364222453	0.000267711733954	0.000338168272532	0.0002084684343	0.000256962707732	0.0001607785504
D_0__Bacteria;D_1__Proteobacteria;D_2__Deltaproteobacteria	2.5830401126	0.763940409221	0.865056312795	1.0	0.0650186322863	0.0576695693559	0.0709893242878	0.0630537020844	0.0642668960883	0.0578989860783
D_0__Bacteria;D_1__Chloroflexi;D_2__P2-11E	2.56818727491	0.76619273419	0.865056312795	1.0	6.79747068051e-05	0.000684152208994	1.04051776164e-05	7.73280379093e-05	0.000138056210861	3.31373478188e-05
D_0__Bacteria;D_1__Cyanobacteria;D_2__Chloroplast	2.44132653061	0.785304314576	0.872294206981	1.0	0.00105492972808	0.0017401262707	0.00104572035045	0.000802258261529	0.00100690408843	0.000385312003692
D_0__Bacteria;D_1__Chloroflexi;D_2__Anaerolineae	2.38353272343	0.793923872178	0.872294206981	1.0	0.0031726331144	0.00351743472667	0.00476036875949	0.00295501116765	0.00290771405927	0.00271681678062
D_0__Bacteria;D_1__Actinobacteria;D_2__Acidimicrobiia	2.35925404645	0.797526132097	0.872294206981	1.0	0.0195577910712	0.0181300335383	0.0206178594469	0.0175311225978	0.0189995139336	0.012724680907
D_0__Bacteria;D_1__Actinobacteria;D_2__Thermoleophilia	2.2315270936	0.816269232288	0.883590406084	1.0	0.0741633977458	0.0766473567184	0.0675504130856	0.0816034983047	0.0645653760296	0.064232644558
D_0__Bacteria;D_1__Chloroflexi;D_2__JG30-KF-CM66	2.11330049261	0.833256086623	0.892774378524	1.0	0.00080066217065	0.000832880950079	0.000910453041433	0.000868952319104	0.00081094504574	0.000512887507875
D_0__Bacteria;D_1__Tenericutes;D_2__Mollicutes	1.92964508398	0.858791849469	0.909982924559	1.0	0.000180818085419	7.43643705428e-06	0.0	3.79369866651e-05	0.000184725917135	4.97388709276e-06
D_0__Bacteria;D_1__Acidobacteria;D_2__Subgroup 5	1.87130541872	0.866650404342	0.909982924559	1.0	0.00725479318819	0.00490804845582	0.00493725677897	0.00775382911414	0.00647501694121	0.00604168190787
D_0__Bacteria;D_1__Ignavibacteriae;D_2__Ignavibacteria	1.64083883553	0.896267135501	0.925875785858	1.0	0.00012216524463	1.48728741086e-05	8.32414209311e-05	9.27936454912e-05	0.000154333993727	1.49216612783e-05
D_0__Bacteria;D_1__Nitrospirae;D_2__Nitrospira	1.61505981703	0.899422191976	0.925875785858	1.0	0.016071880952	0.0138763915433	0.0192235656463	0.017186548808	0.017475432327	0.0110735333391
D_0__Bacteria;D_1__BRC1;D_2__uncultured bacterium	1.4672765658	0.916814916357	0.933144544717	1.0	0.000255157126784	0.000215656674574	0.000244521673985	0.000154431303943	0.000283385295442	0.00028338016749
D_0__Bacteria;D_1__Actinobacteria;D_2__Actinobacteria	1.40051020408	0.924257453815	0.933144544717	1.0	0.0357849945785	0.0300655150104	0.0361059663288	0.0323682120415	0.0434598009568	0.0384582062263
D_0__Bacteria;D_1__Fibrobacteres;D_2__Fibrobacteria	1.10942997889	0.953265590587	0.953265590587	1.0	0.000109682102864	4.46186223257e-05	4.68232992737e-05	0.000274838271205	0.000127628312035	9.2823992932e-05