OTU	Test-Statistic	P	FDR_P	Bonferroni_P	1_mean	10_mean	100_mean	5_mean	50_mean
D_0__Bacteria;D_1__Elusimicrobia;D_2__Elusimicrobia	14.4259324419	0.00605269247291	0.635532709655	0.635532709655	0.00294408398777	0.00252315248171	0.00154928957213	0.00159605070245	0.00320219872451
D_0__Bacteria;D_1__Proteobacteria;D_2__JTB23	12.7534562212	0.0125454413838	0.65863567265	1.0	2.56703495447e-05	2.41800877587e-05	0.000641585002315	0.0	0.0
D_0__Bacteria;D_1__Latescibacteria;Ambiguous_taxa	10.4479239972	0.0335219336908	0.664219368009	1.0	0.000669590791402	0.00175555459215	0.00112227123438	0.00389733311063	0.00220165452282
D_0__Bacteria;D_1__Gemmatimonadetes;D_2__S0134 terrestrial group	9.91590429275	0.0418683409344	0.664219368009	1.0	0.000909948299555	0.000767412435683	0.00143812108501	0.000958867670075	0.000193173392539
D_0__Bacteria;D_1__Spirochaetae;D_2__Spirochaetes	8.14240121581	0.0864989492911	0.664219368009	1.0	8.69623482369e-06	6.72038776563e-05	1.95197370196e-05	1.23724860655e-05	2.30040676451e-05
D_0__Bacteria;D_1__Gemmatimonadetes;D_2__BD2-11 terrestrial group	7.97888810697	0.0923546185651	0.664219368009	1.0	0.000836227544841	0.00110061781413	0.00188946503109	0.00156511948728	0.000478666934055
D_0__Bacteria;D_1__Verrucomicrobia;D_2__Spartobacteria	7.45935960591	0.113514772349	0.664219368009	1.0	0.091621040982	0.0673275156274	0.0558106589827	0.0667124448651	0.141693400714
D_0__Bacteria;D_1__Deferribacteres;D_2__Deferribacteres Incertae Sedis	7.37463637078	0.117366051611	0.664219368009	1.0	9.08199942256e-05	0.000231432915287	9.33129646046e-05	0.000958867670075	9.24214417745e-06
D_0__Bacteria;D_1__Chloroflexi;D_2__Ardenticatenia	7.32764234098	0.119554126983	0.664219368009	1.0	7.61766856287e-05	9.58212204296e-05	5.36412279293e-05	0.00051964441475	0.0
D_0__Bacteria;D_1__Planctomycetes;D_2__Pla4 lineage	7.32688247713	0.119589815025	0.664219368009	1.0	0.00109879393812	0.0018265132182	0.00122307500283	0.00181875545163	0.000551135341895
D_0__Bacteria;D_1__Tectomicrobia;D_2__Tectomicrobia Incertae Sedis	7.23856439127	0.12380557697	0.664219368009	1.0	0.000140660200706	8.494938414e-05	0.000123827530334	0.000340243366801	1.38125698669e-05
D_0__Bacteria;D_1__Firmicutes;D_2__Bacilli	7.15482054891	0.127929380967	0.664219368009	1.0	0.0101813541448	0.00576506865762	0.0113512320267	0.0164121027659	0.00665535344099
D_0__Bacteria;D_1__TM6 (Dependentiae);Other	6.81315354981	0.146097856996	0.664219368009	1.0	1.76051041562e-05	7.47626295272e-06	2.63996618422e-05	6.80486733602e-05	1.38125698669e-05
D_0__Bacteria;D_1__Ignavibacteriae;D_2__Ignavibacteria	6.687515006	0.15335224553	0.664219368009	1.0	0.000106221174746	0.000272347569514	5.1030853253e-05	0.000185587290982	0.0
D_0__Bacteria;D_1__Acidobacteria;D_2__Subgroup 9	6.51929795129	0.163578510257	0.664219368009	1.0	6.75246287549e-05	8.67034066166e-05	0.000126662259513	0.000488713199587	9.24214417745e-06
D_0__Bacteria;D_1__Bacteroidetes;D_2__Flavobacteriia	6.49929627023	0.164834729353	0.664219368009	1.0	0.0067804003459	0.00881250032593	0.00537829161292	0.00375504952088	0.00334692070484
Unassigned;Other;Other	6.23240675581	0.18245127104	0.664219368009	1.0	0.000431275920863	0.000452882618011	0.000263582781302	7.42349163929e-05	0.000345567478669
D_0__Bacteria;D_1__Proteobacteria;D_2__Betaproteobacteria	6.15622800844	0.187780908408	0.664219368009	1.0	0.0567443409811	0.0614678699714	0.0806257995428	0.0494095231025	0.0667895888288
D_0__Bacteria;D_1__Planctomycetes;D_2__Pla3 lineage	6.13074363992	0.189594705805	0.664219368009	1.0	0.00029280824108	0.000802735440403	0.000324084756442	0.00147851208483	8.31286511978e-05
D_0__Bacteria;D_1__Bacteroidetes;D_2__WCHB1-32	5.99385410619	0.199607722904	0.664219368009	1.0	1.22466587846e-05	1.94400630819e-05	1.05143295612e-05	5.56761872947e-05	0.0
D_0__Bacteria;D_1__TM6 (Dependentiae);D_2__uncultured bacterium	5.94880365939	0.203004410006	0.664219368009	1.0	0.000400048512587	0.000550497465853	0.000289754088007	0.000723790434831	0.000331248444809
D_0__Bacteria;D_1__Proteobacteria;D_2__Deltaproteobacteria	5.93085855032	0.204371643683	0.664219368009	1.0	0.0612720861518	0.0725806555082	0.0604075214555	0.0819677201839	0.0574402681267
D_0__Bacteria;D_1__Planctomycetes;D_2__vadinHA49	5.77304714989	0.216750469026	0.664219368009	1.0	0.000373279837684	0.000352535531665	0.000163341799178	2.4744972131e-05	0.000243397428724
D_0__Bacteria;D_1__Verrucomicrobia;D_2__S-BQ2-57 soil group	5.67470091485	0.224794570458	0.664219368009	1.0	0.000287498932778	0.000210405284237	0.000234652545354	0.000272194693441	0.00075162631544
D_0__Bacteria;D_1__Acidobacteria;D_2__Subgroup 18	5.67329345531	0.224911566781	0.664219368009	1.0	0.00058417837975	0.0011834119324	0.000490282551849	0.00322303262006	0.000345567478669
D_0__Bacteria;D_1__Acidobacteria;D_2__Subgroup 22	5.66062631949	0.225966935175	0.664219368009	1.0	0.00468521484513	0.0109463898901	0.00309177739533	0.0116363231446	0.00270257972567
D_0__Bacteria;D_1__Gemmatimonadetes;D_2__Gemmatimonadetes	5.57565095004	0.233159298639	0.664219368009	1.0	0.0250616343685	0.0309466821504	0.0424078663103	0.0295021930232	0.0349350286954
D_0__Bacteria;D_1__BRC1;D_2__uncultured bacterium	5.56034482759	0.234475823829	0.664219368009	1.0	0.000305559617263	0.000179692472761	0.000296888474239	4.33037012292e-05	0.000239029588632
D_0__Bacteria;D_1__Chloroflexi;D_2__S085	5.5503166784	0.235341880075	0.664219368009	1.0	0.00280989494024	0.0029716319788	0.00373498713242	0.00585837215201	0.00187892692285
D_0__Bacteria;D_1__Proteobacteria;Other	5.54556650246	0.235753087931	0.664219368009	1.0	0.000127970233386	0.000116563130164	0.000108705240912	6.18624303274e-06	5.06292073789e-05
D_0__Bacteria;D_1__Actinobacteria;D_2__TakashiAC-B11	5.46622309198	0.242714489818	0.664219368009	1.0	0.00015853225673	6.00177733531e-05	0.000178647611338	0.000296939665572	1.84842883549e-05
D_0__Bacteria;D_1__Acidobacteria;D_2__Subgroup 13	5.4351623918	0.245487817731	0.664219368009	1.0	2.70942911267e-05	6.6006632844e-05	3.73109940961e-05	3.09312151637e-05	4.62107208872e-06
D_0__Bacteria;D_1__Fibrobacteres;D_2__Fibrobacteria	5.43314567206	0.245668829142	0.664219368009	1.0	0.000149108970038	0.0001588172148	6.73528494227e-05	1.85587290982e-05	0.000129390018484
D_0__Bacteria;D_1__Gemmatimonadetes;D_2__AKAU4049	5.42324853229	0.246558823828	0.664219368009	1.0	0.000698114647751	0.00116826083911	0.000693145152509	0.00231365489425	0.000101663585952
D_0__Bacteria;D_1__Nitrospirae;D_2__Nitrospira	5.34482758621	0.253709685039	0.664219368009	1.0	0.0142695807122	0.019672367935	0.0155819397182	0.0303991982629	0.0170546346152
D_0__Bacteria;D_1__TM6 (Dependentiae);Ambiguous_taxa	5.33990147783	0.25416477557	0.664219368009	1.0	0.00021605346996	0.000323543709255	0.000225572755877	5.56761872947e-05	0.000489073945416
D_0__Bacteria;D_1__Verrucomicrobia;D_2__Verrucomicrobiae	5.32107670654	0.255910341179	0.664219368009	1.0	0.00480574085051	0.00467674614711	0.00347533092545	0.00157130573032	0.00286503854812
D_0__Bacteria;D_1__Verrucomicrobia;D_2__Verrucomicrobia Incertae Sedis	5.18869755033	0.268478095926	0.664219368009	1.0	3.4076956493e-05	1.94056668251e-05	1.05891897785e-05	0.0	9.24214417745e-06
D_0__Bacteria;D_1__Verrucomicrobia;D_2__UA11	5.14017343866	0.273214840239	0.664219368009	1.0	7.58618090699e-05	5.13550696047e-05	3.66559243193e-05	1.23724860655e-05	7.3835860621e-05
D_0__Bacteria;D_1__Acidobacteria;D_2__Subgroup 2	5.10186488388	0.27700431003	0.664219368009	1.0	0.000954991125174	0.000481702501118	0.000550123693651	0.000204146020081	0.00240148709318
D_0__Archaea;D_1__Thaumarchaeota;D_2__Soil Crenarchaeotic Group(SCG)	5.06509500352	0.280683320293	0.664219368009	1.0	0.0263606957422	0.0207003459759	0.0287126482604	0.0645534460467	0.0116559611978
D_0__Bacteria;D_1__Tectomicrobia;D_2__uncultured bacterium	5.05014074595	0.282191327172	0.664219368009	1.0	0.00549468557001	0.00600975070356	0.00389475285079	0.00955774548559	0.00207912791513
D_0__Bacteria;D_1__Acidobacteria;D_2__Acidobacteria	4.94669247009	0.292811045797	0.664219368009	1.0	0.00165215239484	0.00102507279395	0.000970592182305	1.23724860655e-05	0.00482696503509
D_0__Bacteria;D_1__Bacteroidetes;D_2__Cytophagia	4.90482054891	0.29720365828	0.664219368009	1.0	0.0212135193292	0.018845655579	0.0223284619696	0.00887725875199	0.0125727411972
D_0__Bacteria;D_1__Acidobacteria;D_2__AT-s3-28	4.83128078818	0.305051277134	0.664219368009	1.0	0.000190675082311	0.00019104242189	0.000154149353482	8.04211594257e-05	0.000257058059393
D_0__Bacteria;D_1__Chloroflexi;D_2__SAR202 clade	4.82792347377	0.305413610733	0.664219368009	1.0	1.59212097703e-05	5.25861756977e-05	1.73128695389e-05	8.04211594257e-05	9.1408513789e-06
D_0__Bacteria;D_1__Acidobacteria;D_2__Blastocatellia	4.7412033779	0.314896766959	0.664219368009	1.0	0.0362869415424	0.0399736847061	0.0418914457043	0.0456668460677	0.0294104125094
D_0__Bacteria;D_1__Acidobacteria;D_2__Solibacteres	4.57688247713	0.333528295306	0.664219368009	1.0	0.00529834221276	0.00383731766331	0.0033588534097	0.00204764644384	0.0082331493347
D_0__Bacteria;D_1__Chloroflexi;D_2__Ktedonobacteria	4.5306122449	0.338933076574	0.664219368009	1.0	9.68339230933e-05	5.26457876079e-05	7.24324948801e-05	6.80486733602e-05	4.15390023992e-05
D_0__Bacteria;D_1__Chloroflexi;D_2__JG30-KF-CM66	4.5239268121	0.339719799531	0.664219368009	1.0	0.000773946246393	0.000955573046565	0.000680659828607	0.00161460943155	0.000432760091563
D_0__Bacteria;D_1__Acidobacteria;D_2__Subgroup 25	4.44686840253	0.348894083711	0.664219368009	1.0	0.000930881540916	0.000854129108537	0.0011086614119	0.00323540510612	0.000471146767453
D_0__Bacteria;D_1__WS2;Other	4.44020932304	0.34969609597	0.664219368009	1.0	1.77906502292e-05	1.22133066265e-05	6.78050343917e-06	0.0	0.0
D_0__Bacteria;D_1__Acidobacteria;D_2__Subgroup 17	4.43560872625	0.35025104473	0.664219368009	1.0	0.00415934020427	0.00513499861588	0.00343416828221	0.00582744093684	0.00308691290453
D_0__Bacteria;D_1__Chloroflexi;D_2__Caldilineae	4.4290992259	0.351037454105	0.664219368009	1.0	0.000608893614209	0.000520685213113	0.000546764378549	0.000927936454912	0.000350239197157
D_0__Bacteria;D_1__Armatimonadetes;D_2__Fimbriimonadia	4.40112596763	0.354432890984	0.664219368009	1.0	0.000322377978533	0.000249025847739	0.000411485793072	9.27936454912e-05	0.000211201863301
D_0__Bacteria;D_1__Actinobacteria;D_2__Thermoleophilia	4.30154820549	0.366731270103	0.664219368009	1.0	0.0812122461044	0.0590641951345	0.058038006661	0.0561772729803	0.0708585291214
D_0__Bacteria;D_1__Proteobacteria;D_2__Gammaproteobacteria	4.26196340605	0.371712302421	0.664219368009	1.0	0.0448054293239	0.0517879956104	0.0610387808788	0.0329479303924	0.0465945996847
D_0__Bacteria;D_1__Cyanobacteria;D_2__ML635J-21	4.25908255446	0.372076857371	0.664219368009	1.0	0.000174388971533	0.000162153937126	0.000105322151359	0.000123724860655	0.000124313128802
D_0__Bacteria;D_1__Cyanobacteria;D_2__Chloroplast	4.25	0.373228025833	0.664219368009	1.0	0.000989629815278	0.0010133749308	0.000767353504849	0.000210332263113	0.00207973402454
D_0__Bacteria;D_1__Actinobacteria;D_2__Actinobacteria	4.16062631949	0.384703684111	0.673231447195	1.0	0.0393159378786	0.0346515050143	0.0480019154986	0.022474620938	0.0321765869207
D_0__Bacteria;D_1__Planctomycetes;D_2__Phycisphaerae	4.06456720619	0.397338147841	0.683942713497	1.0	0.00837694277178	0.00908466387595	0.00635107844351	0.0090504735569	0.00878370306669
D_0__Bacteria;Other;Other	3.89364714116	0.420590443922	0.707052438273	1.0	1.20259940316e-05	1.00807345017e-05	2.60276649036e-05	6.18624303274e-06	1.84336419556e-05
D_0__Bacteria;D_1__Acidobacteria;D_2__Subgroup 11	3.86752287122	0.424231462964	0.707052438273	1.0	0.00243213441947	0.00280356898877	0.00243216233041	0.0109434639249	0.00186382369349
D_0__Bacteria;D_1__Cyanobacteria;D_2__Melainabacteria	3.8112244898	0.432156226264	0.709006308715	1.0	0.000620482720415	0.000754784984575	0.000643798135317	0.000222704749179	0.000660774912043
D_0__Bacteria;D_1__Planctomycetes;D_2__OM190	3.71604503871	0.445796566267	0.71037185683	1.0	0.00781854005803	0.0105805980162	0.0061112115218	0.0100031549839	0.00391353994778
D_0__Bacteria;D_1__Verrucomicrobia;D_2__OPB35 soil group	3.66748768473	0.452872299639	0.71037185683	1.0	0.0349902387184	0.0364128491274	0.0291550451494	0.0248315795334	0.0394763515446
D_0__Bacteria;D_1__Proteobacteria;D_2__Alphaproteobacteria	3.66467276566	0.45328489912	0.71037185683	1.0	0.0964284622265	0.103426422446	0.108923353131	0.0868362934506	0.113915712378
D_0__Bacteria;D_1__Bacteroidetes;D_2__Bacteroidetes VC2.1 Bac22	3.60003519612	0.462831650949	0.714666519848	1.0	4.44996378992e-05	6.47708690522e-05	4.46424475447e-05	6.18624303274e-06	3.20436262254e-05
D_0__Bacteria;D_1__Firmicutes;D_2__Clostridia	3.38898662913	0.494957619466	0.74700764132	1.0	0.000654321471813	0.000535209277011	0.000743526763139	0.0010207301004	0.000403210388657
D_0__Bacteria;D_1__FCPU426;D_2__uncultured bacterium	3.34009493546	0.502604742844	0.74700764132	1.0	1.76647706784e-05	6.40496215701e-05	2.81777383961e-05	2.4744972131e-05	3.2144919024e-05
D_0__Bacteria;D_1__Chloroflexi;D_2__Anaerolineae	3.28993666432	0.51052828337	0.74700764132	1.0	0.00275839171044	0.00390150738697	0.00291868322088	0.00366225587538	0.00255386892955
D_0__Bacteria;D_1__Gemmatimonadetes;D_2__Longimicrobia	3.27920478536	0.512233811191	0.74700764132	1.0	0.000176384178064	0.000171074624235	0.00013960423382	1.85587290982e-05	0.000216278752983
D_0__Bacteria;D_1__Verrucomicrobia;D_2__Opitutae	3.17663617171	0.528712851242	0.760225341526	1.0	0.00672737555928	0.00609717195627	0.00686980907239	0.00116919993319	0.00757445092502
D_0__Bacteria;D_1__Latescibacteria;D_2__uncultured bacterium	3.11418015482	0.538902748447	0.760225341526	1.0	0.00655662174019	0.0122854483701	0.00467533282212	0.0118157241925	0.00509071006657
D_0__Bacteria;D_1__Bacteroidetes;D_2__Sphingobacteriia	3.08128078818	0.544316597246	0.760225341526	1.0	0.0577198696978	0.054540758662	0.0578474902374	0.0271452344277	0.0523965096377
D_0__Bacteria;D_1__Latescibacteria;Other	3.04539057002	0.550258342438	0.760225341526	1.0	0.000925352041458	0.00140255748364	0.000806662503384	0.00410766537374	0.000724659578897
D_0__Bacteria;D_1__Actinobacteria;D_2__Rubrobacteria	2.89021815623	0.576362000008	0.785298369188	1.0	0.000533617022896	0.00042973430515	0.000265211447383	0.000828956566388	0.000244866174303
D_0__Bacteria;D_1__Acidobacteria;D_2__Subgroup 15	2.75	0.600494040036	0.785298369188	1.0	0.000543210419478	0.000648738767201	0.000867620014213	0.000760907893027	0.000788645538549
D_0__Bacteria;D_1__Chloroflexi;D_2__P2-11E	2.71944777911	0.605815815873	0.785298369188	1.0	4.97992296475e-05	6.84718795998e-05	0.000309185663732	0.000154656075819	3.23475046211e-05
D_0__Bacteria;D_1__Acidobacteria;D_2__Subgroup 20	2.66619412616	0.615143031606	0.785298369188	1.0	9.25218697582e-05	0.000124218955016	0.000143710216669	0.000117538617622	3.67153447134e-05
D_0__Bacteria;D_1__Chloroflexi;D_2__Chloroflexia	2.64162561576	0.619467317638	0.785298369188	1.0	0.000772694393048	0.000669028847529	0.000640165235406	0.000890818996715	0.000937431480575
D_0__Bacteria;D_1__Acidobacteria;D_2__Subgroup 5	2.61312456017	0.624499934409	0.785298369188	1.0	0.00697453664433	0.00728491405986	0.00535915154774	0.00654504512864	0.00733093995375
D_0__Bacteria;D_1__Chlorobi;D_2__Chlorobia	2.60221674877	0.626430486806	0.785298369188	1.0	0.00078907422528	0.000623099860469	0.000559155875457	0.000358802095899	0.000516395206754
D_0__Bacteria;D_1__Omnitrophica;D_2__uncultured bacterium	2.59201266714	0.62823869535	0.785298369188	1.0	7.52661123772e-05	6.76116824289e-05	8.34303041242e-05	6.18624303274e-05	0.000133200748185
D_0__Bacteria;D_1__Chloroflexi;D_2__Gitt-GS-136	2.49014778325	0.646400849801	0.798495167401	1.0	0.00336473680901	0.00293098080857	0.00289410056049	0.0037983532221	0.00102999261179
D_0__Bacteria;D_1__Tenericutes;D_2__Mollicutes	2.34314557177	0.6729252033	0.82159472496	1.0	0.000304228414447	1.38173853626e-05	4.54977945207e-05	0.0	3.69179303105e-05
D_0__Bacteria;D_1__Armatimonadetes;D_2__uncultured	2.14989444053	0.70821220691	0.854738870408	1.0	0.000302693590833	0.00028636518449	0.000233504262004	0.00031549839467	0.000257159352192
D_0__Bacteria;D_1__Acidobacteria;D_2__Subgroup 6	2.07723434201	0.721555882641	0.855818074837	1.0	0.101381077333	0.107120161494	0.102001178483	0.11704371818	0.0952035366427
D_0__Bacteria;D_1__Planctomycetes;D_2__Planctomycetacia	2.0490851513	0.726731068676	0.855818074837	1.0	0.0381727340883	0.0370529115081	0.0384321169052	0.0400930410952	0.0333253566592
D_0__Bacteria;D_1__Chloroflexi;D_2__TK10	2.01196340605	0.73355834986	0.855818074837	1.0	0.0047768146212	0.00397026481895	0.00412790827334	0.00425613520653	0.00412602022081
D_0__Bacteria;D_1__Planctomycetes;D_2__BD7-11	1.60679099226	0.807571065068	0.920847495531	1.0	0.000105903952983	9.84242236849e-05	9.16938727676e-05	0.000142283589753	6.89109101367e-05
D_0__Bacteria;D_1__Actinobacteria;D_2__MB-A2-108	1.55647431386	0.816592859242	0.920847495531	1.0	0.0115267208603	0.0092007589972	0.00791127255732	0.0168513260212	0.008834944973
D_0__Bacteria;D_1__Actinobacteria;D_2__Acidimicrobiia	1.53307529909	0.820766886055	0.920847495531	1.0	0.0204738902187	0.0189175671838	0.0156889049011	0.0222395437027	0.0152305299485
D_0__Bacteria;D_1__FBP;D_2__uncultured bacterium	1.51276595745	0.824377757904	0.920847495531	1.0	1.63128225807e-05	1.63738443684e-05	1.29801632244e-05	0.0	4.62107208872e-06
D_0__Bacteria;D_1__Firmicutes;D_2__Limnochordia	1.44244830568	0.836784759729	0.924867366016	1.0	4.24337880632e-05	3.43255339245e-05	3.296077125e-05	1.85587290982e-05	9.1408513789e-06
D_0__Bacteria;D_1__Saccharibacteria;D_2__uncultured bacterium	1.23797954714	0.871806820792	0.936088857486	1.0	7.59512536069e-05	8.93634411036e-05	5.96255076076e-05	8.04211594257e-05	9.62828178741e-05
D_0__Bacteria;D_1__Acidobacteria;D_2__Holophagae	1.20742434905	0.876874740995	0.936088857486	1.0	0.00485007831271	0.0057202385129	0.00477562211723	0.00433037012292	0.00499773151441
D_0__Bacteria;D_1__Firmicutes;D_2__Erysipelotrichia	1.20097885054	0.877937430104	0.936088857486	1.0	5.71731942317e-05	2.9638054365e-05	3.57985427808e-05	1.23724860655e-05	3.67659911127e-05
D_0__Bacteria;D_1__Omnitrophica;D_2__Omnitrophica Incertae Sedis	1.17254390779	0.882598065629	0.936088857486	1.0	5.02605119704e-05	4.82677627235e-05	6.10645478009e-05	1.85587290982e-05	7.78491759185e-05
D_0__Bacteria;D_1__Chloroflexi;D_2__KD4-96	1.01284306826	0.907842348208	0.945300135435	1.0	0.0148139554883	0.0144522357833	0.0149511786937	0.0145005536688	0.0129932604047
D_0__Bacteria;D_1__Chloroflexi;D_2__SBR2076	1.0033427164	0.909288701705	0.945300135435	1.0	0.000258746303983	0.000231127574181	0.000243317871088	0.000303125908604	0.000243346782325
D_0__Bacteria;D_1__Armatimonadetes;D_2__Chthonomonadetes	0.926929786734	0.920665910839	0.947744319981	1.0	0.00013283005262	5.31704111697e-05	7.11354500755e-05	3.71174581965e-05	0.000178246601888
D_0__Bacteria;D_1__Saccharibacteria;Other	0.501518429154	0.973352991372	0.984314780737	1.0	2.30488911251e-05	1.71059962786e-05	7.08398926803e-06	6.18624303274e-06	9.1408513789e-06
D_0__Bacteria;D_1__Chlamydiae;D_2__Chlamydiae	0.485045742435	0.974940354254	0.984314780737	1.0	0.000393575738877	0.000301716938064	0.000273827652372	0.000321684637703	0.000243751953519
D_0__Bacteria;D_1__Chloroflexi;D_2__Thermomicrobia	0.17663617171	0.996322158062	0.996322158062	1.0	0.0025141696687	0.00206183138599	0.00235963237379	0.00200434274261	0.00217194063096