OTU	Test-Statistic	P	FDR_P	Bonferroni_P	1_mean	10_mean	100_mean	5_mean	50_mean
D_0__Bacteria;D_1__Elusimicrobia	14.4259324419	0.00605269247291	0.193686159133	0.193686159133	0.00294408398777	0.00252315248171	0.00154928957213	0.00159605070245	0.00320219872451
D_0__Bacteria;D_1__Spirochaetae	8.14240121581	0.0864989492911	0.598791083292	1.0	8.69623482369e-06	6.72038776563e-05	1.95197370196e-05	1.23724860655e-05	2.30040676451e-05
D_0__Bacteria;D_1__Verrucomicrobia	7.87895847994	0.0961140923364	0.598791083292	1.0	0.138541833809	0.114795448879	0.0955927417894	0.0945690972416	0.192443946052
D_0__Bacteria;D_1__Deferribacteres	7.37463637078	0.117366051611	0.598791083292	1.0	9.08199942256e-05	0.000231432915287	9.33129646046e-05	0.000958867670075	9.24214417745e-06
D_0__Bacteria;D_1__Proteobacteria	7.06632653061	0.13242441132	0.598791083292	1.0	0.259403959266	0.289403686754	0.311745745251	0.251167653372	0.284790798226
D_0__Bacteria;D_1__Ignavibacteriae	6.687515006	0.15335224553	0.598791083292	1.0	0.000106221174746	0.000272347569514	5.1030853253e-05	0.000185587290982	0.0
D_0__Bacteria;D_1__Firmicutes	6.66133004926	0.154904898405	0.598791083292	1.0	0.0109352825989	0.00636424152292	0.0121635181039	0.0174637640814	0.00710447067214
Unassigned;Other	6.23240675581	0.18245127104	0.598791083292	1.0	0.000431275920863	0.000452882618011	0.000263582781302	7.42349163929e-05	0.000345567478669
D_0__Bacteria;D_1__Tectomicrobia	5.63388458832	0.228209174493	0.598791083292	1.0	0.00563534577072	0.0060947000877	0.00401858038113	0.00989798885239	0.002092940485
D_0__Bacteria;D_1__BRC1	5.56034482759	0.234475823829	0.598791083292	1.0	0.000305559617263	0.000179692472761	0.000296888474239	4.33037012292e-05	0.000239029588632
D_0__Bacteria;D_1__Fibrobacteres	5.43314567206	0.245668829142	0.598791083292	1.0	0.000149108970038	0.0001588172148	6.73528494227e-05	1.85587290982e-05	0.000129390018484
D_0__Bacteria;D_1__Nitrospirae	5.34482758621	0.253709685039	0.598791083292	1.0	0.0142695807122	0.019672367935	0.0155819397182	0.0303991982629	0.0170546346152
D_0__Bacteria;D_1__Cyanobacteria	5.20548909219	0.266855326119	0.598791083292	1.0	0.00178450150723	0.0019303138525	0.00151647379152	0.000556761872947	0.00286482206539
D_0__Bacteria;D_1__Gemmatimonadetes	5.07987332864	0.279199742947	0.598791083292	1.0	0.0276823090387	0.0341540478636	0.0465682018127	0.0343583938039	0.035924811361
D_0__Archaea;D_1__Thaumarchaeota	5.06509500352	0.280683320293	0.598791083292	1.0	0.0263606957422	0.0207003459759	0.0287126482604	0.0645534460467	0.0116559611978
D_0__Bacteria;D_1__WS2	4.44020932304	0.34969609597	0.6409347535	1.0	1.77906502292e-05	1.22133066265e-05	6.78050343917e-06	0.0	0.0
D_0__Bacteria;D_1__Acidobacteria	4.36805066854	0.358481182601	0.6409347535	1.0	0.171110895246	0.18748230045	0.170793471948	0.212194322266	0.161970534812
D_0__Bacteria;D_1__Planctomycetes	4.34904996481	0.360823278736	0.6409347535	1.0	0.056239002888	0.0597983818142	0.0526966023017	0.0626109657344	0.0469691720056
D_0__Bacteria;D_1__TM6 (Dependentiae)	3.96921182266	0.410188611832	0.6409347535	1.0	0.000633707086703	0.000881517438061	0.000541726505726	0.000847515295486	0.000834134960092
D_0__Bacteria;Other	3.89364714116	0.420590443922	0.6409347535	1.0	1.20259940316e-05	1.00807345017e-05	2.60276649036e-05	6.18624303274e-06	1.84336419556e-05
D_0__Bacteria;D_1__Bacteroidetes	3.82811400422	0.429767577846	0.6409347535	1.0	0.0857705356696	0.0822831254991	0.085609400597	0.0398394051309	0.068348215166
D_0__Bacteria;D_1__Latescibacteria	3.75175932442	0.440642643031	0.6409347535	1.0	0.00815156457305	0.0154435604459	0.00660426655988	0.0198207226769	0.00801702416829
D_0__Bacteria;D_1__FCPU426	3.34009493546	0.502604742844	0.699276163957	1.0	1.76647706784e-05	6.40496215701e-05	2.81777383961e-05	2.4744972131e-05	3.2144919024e-05
D_0__Bacteria;D_1__Actinobacteria	2.74612948628	0.601167018045	0.783048152999	1.0	0.153220944342	0.122323778408	0.130083958677	0.118868659874	0.127363941426
D_0__Bacteria;D_1__Chlorobi	2.60221674877	0.626430486806	0.783048152999	1.0	0.00078907422528	0.000623099860469	0.000559155875457	0.000358802095899	0.000516395206754
D_0__Bacteria;D_1__Omnitrophica	2.44317382125	0.654839477762	0.783048152999	1.0	0.000125526624348	0.000115879445152	0.000144494851925	8.04211594257e-05	0.000211049924103
D_0__Bacteria;D_1__Tenericutes	2.34314557177	0.6729252033	0.783048152999	1.0	0.000304228414447	1.38173853626e-05	4.54977945207e-05	0.0	3.69179303105e-05
D_0__Bacteria;D_1__Armatimonadetes	2.27586206897	0.685167133874	0.783048152999	1.0	0.000757901621985	0.000588561443399	0.000716125505152	0.000445409498358	0.000646607817381
D_0__Bacteria;D_1__Chloroflexi	1.94176636172	0.746468825757	0.823689738766	1.0	0.0336909748437	0.0329343919073	0.0335499698244	0.0386392739825	0.0268008146306
D_0__Bacteria;D_1__FBP	1.51276595745	0.824377757904	0.857062942375	1.0	1.63128225807e-05	1.63738443684e-05	1.29801632244e-05	0.0	4.62107208872e-06
D_0__Bacteria;D_1__Saccharibacteria	1.4794249345	0.830279725425	0.857062942375	1.0	9.9000144732e-05	0.000106469437382	6.67094968756e-05	8.66074024584e-05	0.000105423669253
D_0__Bacteria;D_1__Chlamydiae	0.485045742435	0.974940354254	0.974940354254	1.0	0.000393575738877	0.000301716938064	0.000273827652372	0.000321684637703	0.000243751953519