OTU	Test-Statistic	P	FDR_P	Bonferroni_P	10_mean	50_mean	1_mean	5_mean	100_mean	1000_mean
D_0__Bacteria;D_1__Proteobacteria	9.12244897959	0.104278630497	0.758304357947	1.0	0.264113223335	0.236322533148	0.268880194785	0.235349755478	0.292698629584	0.332825129276
D_0__Bacteria;D_1__Planctomycetes	8.56509500352	0.127719886895	0.758304357947	1.0	0.0539015452215	0.0518170933942	0.060105508501	0.0651595013425	0.0567645763789	0.0454629078712
D_0__Bacteria;D_1__Firmicutes	8.23548557354	0.14372619964	0.758304357947	1.0	0.00863688299943	0.0131699300231	0.0114769109109	0.0192593958403	0.00858374356006	0.0168965330135
D_0__Bacteria;D_1__Saccharibacteria	7.62981502483	0.177851964078	0.758304357947	1.0	9.67153175038e-05	3.71821852714e-05	0.000104051776164	7.64985645612e-05	7.49488506526e-05	0.000237001020223
Unassigned;Other	7.20548909219	0.205800902378	0.758304357947	1.0	0.000336184496349	0.000178474489303	0.000301750150875	0.000141444171526	0.000461350219657	0.000295782036022
D_0__Archaea;D_1__Thaumarchaeota	7.17355735398	0.208049322208	0.758304357947	1.0	0.0265560369556	0.0638715578592	0.0560162736978	0.0335902911866	0.022228692397	0.00933296394677
D_0__Bacteria;D_1__TM6 (Dependentiae)	6.55603448276	0.255806446045	0.758304357947	1.0	0.000732520806721	0.000810571638916	0.000437017459888	0.000694058677732	0.000617185613598	0.00103249446307
D_0__Bacteria;D_1__Tectomicrobia	6.21296622097	0.28604452949	0.758304357947	1.0	0.00606192284908	0.00467008247009	0.0104988242149	0.00500115778286	0.00517284285591	0.000159938619485
D_0__Bacteria;D_1__Gemmatimonadetes	6.16678395496	0.290326795398	0.758304357947	1.0	0.0322740389653	0.0671882087854	0.0205554283812	0.0227654181884	0.0338612513611	0.0518865602698
D_0__Bacteria;D_1__Verrucomicrobia	5.52366291344	0.355358133027	0.758304357947	1.0	0.150098363231	0.115562231823	0.107901691882	0.15478374246	0.106504000075	0.137503282661
D_0__Bacteria;D_1__Deferribacteres	5.50019655633	0.357924328217	0.758304357947	1.0	0.000154523103202	0.000171038052248	6.76336545065e-05	0.000484175958371	0.000118983691712	0.0
D_0__Bacteria;D_1__Chlamydiae	5.42760380014	0.365949705154	0.758304357947	1.0	0.000433348943631	0.000126419429923	0.00011445695378	0.000298363895513	0.000274950591175	0.000552744303016
D_0__Bacteria;D_1__Latescibacteria	5.28008444757	0.382663009871	0.758304357947	1.0	0.012058121039	0.00892372446513	0.0140834079038	0.0109062072384	0.00897066209345	0.00284549500931
D_0__Bacteria;Other	5.19935527655	0.392038406256	0.758304357947	1.0	2.08817567464e-05	2.23093111628e-05	2.6012944041e-05	3.09312151637e-06	1.48914974608e-05	0.0
D_0__Bacteria;D_1__FBP	5.15848892749	0.396845966345	0.758304357947	1.0	1.42206957347e-05	0.0	2.08103552328e-05	9.48424666629e-06	1.23286608582e-05	3.39772787341e-05
D_0__Bacteria;D_1__Omnitrophica	4.96762843068	0.419843637429	0.758304357947	1.0	0.000139004875584	0.000334639667443	5.72284768901e-05	8.28896897111e-05	0.000121044684229	0.00017563451328
D_0__Bacteria;D_1__Chlorobi	4.86206896552	0.432944518873	0.758304357947	1.0	0.000630306342329	0.000386694726822	0.000379788982998	0.000340633241276	0.000792831488011	0.000461665870313
D_0__Bacteria;D_1__Acidobacteria	4.85573539761	0.433739116483	0.758304357947	1.0	0.168598591433	0.175492478044	0.198946996025	0.18428529065	0.179047706114	0.155723784376
D_0__Bacteria;D_1__Chloroflexi	4.62429627023	0.463427177896	0.758304357947	1.0	0.0333150792321	0.0567028325389	0.0326046240609	0.0316965788908	0.0328920338533	0.0246395096989
D_0__Bacteria;D_1__FCPU426	4.54458611298	0.473940223717	0.758304357947	1.0	2.40312452443e-05	5.94914964342e-05	4.68232992737e-05	3.13409793981e-05	3.51045655355e-05	1.49216612783e-05
D_0__Bacteria;D_1__Elusimicrobia	3.89699155524	0.564340063	0.859946762666	1.0	0.00264095495166	0.00198552869349	0.00206022516804	0.00318805551113	0.00226510169928	0.00302623480648
D_0__Bacteria;D_1__Spirochaetae	3.59892531481	0.608474658514	0.865426088504	1.0	2.30392410388e-05	0.0	9.36465985474e-05	6.18624303274e-06	2.87368626576e-05	4.97388709276e-06
D_0__Bacteria;D_1__Bacteroidetes	3.39769528501	0.638920960337	0.865426088504	1.0	0.0776344903874	0.0459720538696	0.0544450918777	0.0709923708634	0.090143280012	0.0866315449657
D_0__Bacteria;D_1__Cyanobacteria	3.33119282196	0.649069566378	0.865426088504	1.0	0.00175825642255	0.00247633353907	0.00149314298795	0.0013548429331	0.00191693191642	0.00115768157131
D_0__Bacteria;D_1__WS2	2.78685156515	0.732806169901	0.937991897474	1.0	2.18024279005e-05	0.0	2.08103552328e-05	4.74212333314e-06	8.54066909249e-06	4.97388709276e-06
D_0__Bacteria;D_1__Tenericutes	1.92964508398	0.858791849469	0.976020456693	1.0	0.000180818085419	7.43643705428e-06	0.0	3.79369866651e-05	0.000184725917135	4.97388709276e-06
D_0__Bacteria;D_1__Ignavibacteriae	1.64083883553	0.896267135501	0.976020456693	1.0	0.00012216524463	1.48728741086e-05	8.32414209311e-05	9.27936454912e-05	0.000154333993727	1.49216612783e-05
D_0__Bacteria;D_1__Nitrospirae	1.61505981703	0.899422191976	0.976020456693	1.0	0.016071880952	0.0138763915433	0.0192235656463	0.017186548808	0.017475432327	0.0110735333391
D_0__Bacteria;D_1__Actinobacteria	1.59157283603	0.902266556035	0.976020456693	1.0	0.142382621129	0.1388977713	0.138981957422	0.140799682087	0.137502282109	0.116603122283
D_0__Bacteria;D_1__BRC1	1.4672765658	0.916814916357	0.976020456693	1.0	0.000255157126784	0.000215656674574	0.000244521673985	0.000154431303943	0.000283385295442	0.00028338016749
D_0__Bacteria;D_1__Fibrobacteres	1.10942997889	0.953265590587	0.976020456693	1.0	0.000109682102864	4.46186223257e-05	4.68232992737e-05	0.000274838271205	0.000127628312035	9.2823992932e-05
D_0__Bacteria;D_1__Armatimonadetes	0.815710767065	0.976020456693	0.976020456693	1.0	0.000603589085379	0.000661842897831	0.000681539133873	0.00094824961915	0.000661862751058	0.00102150966277