OTU	Test-Statistic	P	FDR_P	Bonferroni_P	8.5_mean	5.5_mean	5.6_mean	5.7_mean	6.5_mean	5_mean	9_mean	8_mean	9.0_mean
D_0__Bacteria;D_1__FBP	18.6449088146	0.0168784728978	0.540111132731	0.540111132731	0.0	1.95415169298e-06	7.20616848022e-05	0.0	1.81085949462e-05	2.42731160921e-05	6.28880852239e-06	2.98683066647e-05	0.0
D_0__Bacteria;D_1__Fibrobacteres	12.5365939479	0.128819942176	0.749115841161	1.0	0.000107648226789	0.000127942289841	2.88246739209e-05	0.000189334174819	0.000345151990034	0.000151769085636	8.99833567678e-05	4.67674044949e-05	0.0
D_0__Bacteria;D_1__Omnitrophica	12.3118402533	0.137823238918	0.749115841161	1.0	0.000165212119773	5.60387637601e-05	0.000187360380486	0.000126222783212	0.000138892342792	0.000140682959564	0.000140108768031	4.0292115874e-05	0.000274225541367
D_0__Bacteria;D_1__BRC1	12.2375087966	0.140917266641	0.749115841161	1.0	0.000420624234172	0.000266018962131	0.000547668804497	0.000643736194383	0.000170221801964	0.000277055996605	0.000147093628934	0.000204005978995	0.000228521284472
D_0__Bacteria;D_1__WS2	11.773395084	0.16160441093	0.749115841161	1.0	0.0	1.45525889768e-05	8.64740217626e-05	1.26222783212e-05	2.89727424439e-06	1.15322873966e-05	8.57196010412e-06	1.81904292357e-05	0.0
D_0__Bacteria;D_1__Nitrospirae	10.9198627727	0.2062813642	0.749115841161	1.0	0.0128881443748	0.0148804648284	0.0129855156014	0.0087346165983	0.0196763487175	0.0124708368246	0.0234376028503	0.0137574293104	0.0161610252379
D_0__Bacteria;D_1__Bacteroidetes	10.7276565799	0.217613116902	0.749115841161	1.0	0.0998800242065	0.100627659545	0.0881890898609	0.14586304828	0.0841726571998	0.0798521986524	0.0649779675361	0.0711352576977	0.0737666706277
D_0__Bacteria;D_1__Deferribacteres	9.77880533061	0.280895449293	0.749115841161	1.0	0.000157644990408	0.000105803594327	0.0	0.000113600504891	0.000169673673423	5.67252737116e-05	0.00029914883813	3.77094530629e-05	0.0
D_0__Bacteria;D_1__Tenericutes	9.73364067272	0.284220788442	0.749115841161	1.0	2.47881235143e-06	0.00034316021889	0.000403545434892	1.26222783212e-05	2.89727424439e-06	1.22602496451e-05	0.000287454993351	0.000136241903338	9.1408513789e-06
D_0__Bacteria;D_1__TM6 (Dependentiae)	9.71296622097	0.285752636918	0.749115841161	1.0	0.000531794547435	0.00109744728271	0.000590905815378	0.000277690123067	0.00056299316323	0.000641453955007	0.000789859103073	0.000549381923766	0.00041133831205
D_0__Bacteria;D_1__Saccharibacteria	9.47488365727	0.303830767607	0.749115841161	1.0	4.87335057077e-05	0.000127327479595	5.76493478418e-05	0.0	7.31593292645e-05	0.000139179708482	6.45488607803e-05	0.000106522649417	0.000155394473441
D_0__Bacteria;D_1__Chloroflexi	9.23610133709	0.322772047682	0.749115841161	1.0	0.0396817569428	0.024462469936	0.0381926929452	0.0270874092774	0.033526395346	0.0353516543932	0.0347362510748	0.0284667676857	0.0219380433094
D_0__Bacteria;D_1__Elusimicrobia	9.16854327938	0.328278082046	0.749115841161	1.0	0.00180501272599	0.00297225900631	0.00294011673993	0.00272641211739	0.00256021783503	0.00288124426578	0.00215378624437	0.00171132210071	0.00337297415881
D_0__Bacteria;D_1__Cyanobacteria	8.92962702322	0.34826731307	0.749115841161	1.0	0.00186284543185	0.00131795036771	0.0018591914679	0.00416535184601	0.002025247694	0.00178069760608	0.0014064826564	0.00117476033304	0.00421393248567
D_0__Bacteria;D_1__Actinobacteria	8.59403589022	0.37769034056	0.749115841161	1.0	0.157386140537	0.115214706704	0.138646681559	0.103780372357	0.153342696194	0.163542201016	0.127354180781	0.115392822259	0.0954487700984
D_0__Bacteria;D_1__FCPU426	8.19638416295	0.414525794017	0.749115841161	1.0	1.98304988114e-05	8.43960077181e-05	0.0	1.26222783212e-05	5.01604799231e-05	2.75826586681e-05	1.76924531492e-05	4.28747786852e-05	3.65634055156e-05
D_0__Bacteria;D_1__Armatimonadetes	7.85828641802	0.447434302132	0.749115841161	1.0	0.000631454558887	0.000603601229152	0.00066296750018	0.000504891132849	0.000391692769908	0.000902556881878	0.00064553664083	0.000671642760758	0.000895803435132
D_0__Bacteria;D_1__Chlorobi	7.68226600985	0.465106336044	0.749115841161	1.0	0.000408961498392	0.000875722869926	0.000807090869785	0.00179236352162	0.000714760299394	0.000624173932381	0.00064949987106	0.000427344665889	0.000210239581715
D_0__Bacteria;D_1__Chlamydiae	7.26319493315	0.508520522836	0.749115841161	1.0	0.000152820348688	0.000423059423365	0.000720616848022	0.000429157462922	0.000249713713559	0.000337441051042	0.0003566270735	0.000228504012515	0.000210239581715
D_0__Bacteria;Other	7.10263615541	0.525600639995	0.749115841161	1.0	1.3027120739e-05	1.95415169298e-06	1.44123369604e-05	0.0	1.86516761373e-05	1.36228728684e-05	2.53587630787e-05	1.30064720205e-05	9.1408513789e-06
D_0__Bacteria;D_1__Spirochaetae	7.06439426835	0.529701239569	0.749115841161	1.0	1.17354363235e-05	5.52908297646e-05	0.0	0.0	6.24745263805e-05	7.58479609791e-06	2.547023596e-05	5.07159250834e-05	1.82817027578e-05
D_0__Bacteria;D_1__Acidobacteria	6.94730823364	0.542328276391	0.749115841161	1.0	0.142590302403	0.171020665829	0.179159760755	0.184196907542	0.167966506027	0.164699330121	0.194607872682	0.185948180374	0.18813700308
D_0__Bacteria;D_1__Latescibacteria	6.58339197748	0.582173337757	0.749115841161	1.0	0.00948485098134	0.0148925583197	0.00446782445774	0.00352161565163	0.00895151616214	0.00575482874711	0.0135733912181	0.00811606867535	0.00843700582272
D_0__Bacteria;D_1__Gemmatimonadetes	6.47220267417	0.5944925574	0.749115841161	1.0	0.04127117154	0.0269007236674	0.0356561216401	0.0195645313979	0.0313813667852	0.0300179900595	0.0409395881831	0.0308619194721	0.0474318778051
Unassigned;Other	6.32230823364	0.611177302941	0.749115841161	1.0	0.00029200894416	0.000532334247885	0.000129711032644	0.000454402019565	0.000552859012561	0.000376526963977	0.000369405120806	0.000283224352966	0.000182817027578
D_0__Bacteria;D_1__Tectomicrobia	6.30014074595	0.613650851716	0.749115841161	1.0	0.00450625887812	0.00791914738068	0.00613965554515	0.00425370779426	0.00518813895066	0.00374314788525	0.00631303575627	0.00579048709501	7.31268110312e-05
D_0__Bacteria;D_1__Ignavibacteriae	6.13541416567	0.63206649098	0.749115841161	1.0	5.24784360229e-05	0.000402567880101	5.76493478418e-05	0.0	9.57969657033e-05	4.74560341855e-05	0.000176742704791	4.55133362752e-05	0.0
D_0__Archaea;D_1__Thaumarchaeota	4.65869106263	0.793354626806	0.88125623162	1.0	0.0337451085724	0.0251193413504	0.0470851048498	0.0304323130325	0.0224118303568	0.0203955222209	0.0271708822823	0.0319669372973	0.00638031426247
D_0__Bacteria;D_1__Verrucomicrobia	4.6069669247	0.798638459906	0.88125623162	1.0	0.0989167074868	0.158374961251	0.12313900699	0.127194698643	0.137981251105	0.131051014548	0.112018191576	0.11106345182	0.166080128703
D_0__Bacteria;D_1__Proteobacteria	3.7751583392	0.876818287085	0.935272839557	1.0	0.283022295993	0.269990229391	0.255242487569	0.263262858946	0.265572012459	0.275844033831	0.281047388472	0.328141050307	0.307982705509
D_0__Bacteria;D_1__Firmicutes	3.19115059817	0.921795179196	0.951530507557	1.0	0.010221197143	0.00637586843496	0.010203934568	0.00844430419691	0.00738726364182	0.0131039739999	0.0104444580831	0.0102811497753	0.00716642748106
D_0__Bacteria;D_1__Planctomycetes	2.50642153413	0.961430826005	0.961430826005	1.0	0.0597217295044	0.0548118220184	0.051725877351	0.0622025875671	0.0542364466389	0.0557194480058	0.0557195294226	0.0532605893277	0.0507682885584