OTU	Test-Statistic	P	FDR_P	Bonferroni_P	1_mean	10_mean	100_mean	5_mean
D_0__Bacteria;D_1__Spirochaetae	9.30489795918	0.0255001136197	0.434653136928	0.81600363583	1.04925173095e-05	6.20362689936e-05	8.71067556882e-06	3.8056259721e-05
D_0__Bacteria;D_1__Tenericutes	8.39865753308	0.0384526021768	0.434653136928	1.0	0.000265142346432	2.04337089759e-05	0.0	2.89727424439e-06
D_0__Bacteria;D_1__Planctomycetes	8.20665024631	0.0419284602556	0.434653136928	1.0	0.0529858024179	0.064529546365	0.050360971675	0.0555730519382
D_0__Bacteria;D_1__Fibrobacteres	7.62913441239	0.054331642116	0.434653136928	1.0	7.65274502377e-05	0.000247254724632	8.18042139272e-05	0.000142553979791
Unassigned;Other	6.60721323012	0.0855288325332	0.521870910815	1.0	0.000310290574111	0.000534454125575	0.000402570413627	0.000248618478037
D_0__Bacteria;D_1__Armatimonadetes	5.99412385644	0.111896462495	0.521870910815	1.0	0.000640808016115	0.000749247160415	0.000953669312105	0.000353082090176
D_0__Bacteria;D_1__Chloroflexi	5.9481703026	0.114159261741	0.521870910815	1.0	0.0334219994291	0.0258626511314	0.0423110903989	0.038687915315
D_0__Bacteria;D_1__Gemmatimonadetes	5.48353272343	0.139626867097	0.540850249261	1.0	0.0387167730994	0.0237001181807	0.0374135881315	0.0364953242893
D_0__Bacteria;D_1__Deferribacteres	5.19921770579	0.157777317413	0.540850249261	1.0	0.000107008396993	0.000154075688675	4.70795899813e-05	0.000618502998768
D_0__Archaea;D_1__Thaumarchaeota	4.91263194933	0.178307595025	0.540850249261	1.0	0.0286147428732	0.017045257644	0.0216634557137	0.0470962807834
D_0__Bacteria;D_1__Cyanobacteria	4.74778325123	0.191225110468	0.540850249261	1.0	0.0017421286871	0.00217461750802	0.00137953283859	0.00151261976458
D_0__Bacteria;D_1__BRC1	4.60844475721	0.202818843473	0.540850249261	1.0	0.000259356249938	0.000316348362768	0.000265772959246	8.82891582356e-05
D_0__Bacteria;D_1__Elusimicrobia	4.23106966925	0.237569573052	0.584786641358	1.0	0.00243922930533	0.00297994502026	0.00213707789361	0.00165851580181
D_0__Bacteria;Other	3.60969630132	0.306811079983	0.592558982468	1.0	1.80439766181e-05	4.95133147433e-06	2.38400275197e-05	1.46822184939e-05
D_0__Bacteria;D_1__Actinobacteria	3.60161857847	0.307819712093	0.592558982468	1.0	0.131085098586	0.121972021433	0.18604593319	0.146256947219
D_0__Bacteria;D_1__FBP	3.57663048198	0.310958558362	0.592558982468	1.0	1.24462662753e-05	1.36395077442e-05	2.36365075302e-05	8.69182273317e-06
D_0__Bacteria;D_1__Chlamydiae	3.5463757917	0.314796959436	0.592558982468	1.0	0.000399558821551	0.000210107243199	0.000279976871269	0.000337576047759
D_0__Bacteria;D_1__Saccharibacteria	3.26778381761	0.352151765848	0.617588859927	1.0	9.35864608696e-05	6.03889764423e-05	0.000156490373293	6.93791694287e-05
D_0__Bacteria;D_1__Firmicutes	3.02663617171	0.387536606831	0.617588859927	1.0	0.0101991366694	0.00814190454068	0.0118952910853	0.0143323131551
D_0__Bacteria;D_1__Nitrospirae	2.99989444053	0.391641451751	0.617588859927	1.0	0.0165251251717	0.0143707695229	0.0156132528858	0.0259629729494
D_0__Bacteria;D_1__Bacteroidetes	2.91263194933	0.405292689327	0.617588859927	1.0	0.0774382109548	0.104361908272	0.0695809831103	0.064158183003
D_0__Bacteria;D_1__Verrucomicrobia	2.72737508797	0.43559521301	0.633593037105	1.0	0.129247724952	0.138228794298	0.097753234536	0.101275254165
D_0__Bacteria;D_1__Chlorobi	2.55372976777	0.465659116501	0.638014848518	1.0	0.000716911496126	0.000664599547103	0.000620488226447	0.000312675663192
D_0__Bacteria;D_1__FCPU426	2.48222970039	0.478511136389	0.638014848518	1.0	1.98495876293e-05	5.5017782832e-05	2.92488013075e-05	4.13452285094e-05
D_0__Bacteria;D_1__Omnitrophica	2.13676988037	0.54450985697	0.696972616922	1.0	0.000137188604971	9.95031023627e-05	0.000182537730739	0.000115539710067
D_0__Bacteria;D_1__Acidobacteria	1.85056298381	0.60399415626	0.743377423089	1.0	0.178312494246	0.172491371833	0.163979581057	0.185934450212
D_0__Bacteria;D_1__TM6 (Dependentiae)	1.72688247713	0.630973836812	0.747820843629	1.0	0.000686089878095	0.000736720979464	0.000568486079026	0.000739560540382
D_0__Bacteria;D_1__Ignavibacteriae	0.981149459784	0.805813099423	0.920929256483	1.0	8.85144415706e-05	0.000238332125485	6.31325848487e-05	0.000101485468224
D_0__Bacteria;D_1__WS2	0.813897607737	0.846140102602	0.933671837354	1.0	1.33413908946e-05	1.07606942822e-05	1.32477236749e-05	2.89727424439e-06
D_0__Bacteria;D_1__Tectomicrobia	0.663441238564	0.881767350371	0.936480344526	1.0	0.00504209669958	0.00543935149874	0.00465298096761	0.00704372370489
D_0__Bacteria;D_1__Latescibacteria	0.552498240676	0.90721533376	0.936480344526	1.0	0.00878553971129	0.012056593595	0.00755639123175	0.0130799793618
D_0__Bacteria;D_1__Proteobacteria	0.418015482055	0.936496283062	0.936496283062	1.0	0.281588740721	0.282467277827	0.283935943195	0.257696634956